,0__Jussieu_Notice Historique 1-6,1__Jussieu_Notice Historique 1-6,10__Jussieu_Notice Historique 1-6,11__Jussieu_Notice Historique 1-6,12__Jussieu_Notice Historique 1-6,13__Jussieu_Notice Historique 1-6,14__Jussieu_Notice Historique 1-6,15__Jussieu_Notice Historique 1-6,16__Jussieu_Notice Historique 1-6,17__Jussieu_Notice Historique 1-6,18__Jussieu_Notice Historique 1-6,19__Jussieu_Notice Historique 1-6,2__Jussieu_Notice Historique 1-6,20__Jussieu_Notice Historique 1-6,21__Jussieu_Notice Historique 1-6,22__Jussieu_Notice Historique 1-6,23__Jussieu_Notice Historique 1-6,24__Jussieu_Notice Historique 1-6,25__Jussieu_Notice Historique 1-6,3__Jussieu_Notice Historique 1-6,4__Jussieu_Notice Historique 1-6,5__Jussieu_Notice Historique 1-6,6__Jussieu_Notice Historique 1-6,7__Jussieu_Notice Historique 1-6,8__Jussieu_Notice Historique 1-6,9__Jussieu_Notice Historique 1-6
0,0.0706712287366536,0.0799987972686456,-0.00635487591526048,0.015142352115451877,0.0016821881231527023,0.18262905504912652,-0.041795620118579624,0.08937948542623625,0.05688655727330949,0.0715878701828756,-0.007783686042242462,-0.049883887523675376,0.02007546701640439,0.008657499360259707,0.103354839641196,0.0581972154145472,0.07404420856538686,0.031189710868914162,0.029052887557363204,0.01484290380806802,-0.037982302276267164,-0.040696862430783,0.03353216166761632,-0.02551349570326152,-0.006049041766887217,-0.04135214125475806
1,0.03869822070829676,0.08216449149586069,0.021702770386210563,0.0816501175361881,0.08193118273353377,-0.005223763284529967,0.0453008904580019,0.02498467354754234,-0.027950073346707682,0.050915290392559764,0.04175352819378393,0.003441035023579897,0.06160499176833034,0.0716046628880231,-0.014866930022752836,0.09279746039827462,-0.0357995044421365,0.07481488207093824,0.010619795537494797,0.06982951591106921,0.02696756194851596,0.020136385879396996,0.07153726069952755,0.00739324140768105,-0.04389381194527644,0.10743787191060629
2,0.0009858579315662843,0.06666167203171203,0.07594645684126154,0.08342639999841206,0.022946838634509376,0.08604549212028695,0.0252907464502507,0.009154811254665515,0.06283436460866804,0.005578011451502718,-0.03690479301330959,0.0472583438109726,0.09745022233287644,0.020382068242944452,0.012218508330482658,0.08910011319393663,0.0015390499037996053,0.0797959612181083,0.012119940639491695,-0.015720222086363183,0.08937850367219984,-0.0026057086263132447,0.030148786349975497,0.0018275179365317973,0.017039276777308727,-0.007710531421492214
3,-0.007070474936359854,0.09787290267365512,0.0042586471850217245,0.0524606579343455,0.020261990997749467,0.062280184155199925,-0.042396717660667695,0.05128784401251907,0.12668906658359294,0.03744706704358135,0.07561748812861867,0.16235414023290073,0.045560779344061476,0.0520347605313618,-0.04547215330441384,0.013320382934480809,0.09310342875734469,-0.06997696674985031,0.03301637035976581,0.041138170806311124,0.06534412733904009,0.0879896023944771,-0.05126711519609436,-0.029514772066806028,0.08302698689443992,0.035643493005900494
4,0.10011254881069113,0.07210295229755903,0.024126927689459603,0.07462645656732177,0.12564513750184478,0.025156563223520705,0.020243114236073556,0.06824409736164706,0.05952845949352755,0.034676493226038906,0.0454588083256528,-0.03868486540967638,0.039571513508621016,0.015939690566253217,0.16676604468672393,0.006470878391091802,0.09369401929140315,0.1094663312861701,0.07466230553001085,0.05712827109994215,0.07611564391166999,0.0694439838277024,-0.013321023391187145,0.0731510107542609,0.08965329145190999,-0.03532526405316414
5,0.04040899585777182,0.0926180656939632,0.04555598810058655,-0.024991247343527683,0.023931674007254284,0.008850985574848425,0.031061976180634537,0.1326334779623871,0.03742929175837556,0.08744394094658385,-0.05119337990697822,0.04050449367389325,0.029619261671581392,-0.06967649850026847,0.02056484654304554,0.008087490409611006,-0.1446675688560952,0.07022720285326085,-0.017968735862983327,-0.01608212936238009,0.034524030484541245,0.07968211273938847,0.05495724214532942,-0.016839548243695157,-0.014349228907920305,0.001869736571825968
6,0.058081465609318574,0.04050925017031637,0.08900496082945401,0.027942490256174124,-0.08066023906057833,0.028349603019471353,0.05453906398138314,0.0652181888772219,0.06282806263949607,0.0888202500946469,0.09389359327234376,0.040673912051762295,0.05408905761828742,0.011897790203593328,0.008104366635811138,0.08172745911069867,0.03285376704797843,0.07844327304712251,-0.05405863132784131,0.037700399989458344,0.10484726433981643,-0.03907540653269067,0.04394089973763421,0.11562425645297991,0.06321896588208298,0.044283702694577896
7,0.07365734442944548,0.015130279724111443,0.033003728632896724,0.10208578012351932,0.029283398476159204,-0.03685299420542162,0.03600083727971567,0.025793901229081578,-0.02786536784005052,0.06032923822635807,0.020141539901823824,0.02525985626989698,0.11549710743521925,0.11038658034898004,0.08248860518471786,0.11095110472373122,0.0018859862420383027,0.05007942274515109,0.01802845973455438,0.03481110354249678,-0.0006800202573538083,0.06384895178348964,0.13775769732993043,0.04804856459009162,0.011795545503430094,-0.012386913614148287
8,0.1350223231563682,0.02804845109719959,0.03565074529771911,-0.011941961684161432,0.09224892779897415,0.046211913305646744,0.05140232616804382,0.09389024086917273,0.020456178896852084,0.0331859391748968,-0.05122549013635236,-0.027167165603986614,0.10950121981402224,0.05080990242800617,0.06919917906449012,0.013853206237743573,0.12188095075308396,-0.018263468207285083,0.09332494802079956,-0.06666588346012103,0.022774370686747796,-0.05625226469022152,0.0031768620966828682,0.00774519832465644,0.06014248522963881,0.030519946759074896
9,0.002282334986563013,0.06790927408754273,0.11106210265106357,-0.035358532340677686,0.029217684666246267,0.0014143695705840145,0.014482866148712895,0.012543664823987149,-0.024198526731384933,0.059865446542446875,-0.01881997304237648,0.09847539982765541,0.07112158804476147,-0.00020834025126840582,-0.04542716517031444,-0.08910304185118989,-0.006223102965570678,0.07034213351499154,-0.007355078591383124,0.07480198553807633,-0.02663790599323897,0.07881674878444263,0.09830176193679234,-0.07984321198893278,-0.03865043051278744,0.01954446437511746
10,0.04794122125619525,0.093116610239599,-0.02781581780457454,-0.10518024922994319,0.14616769423591902,0.059630756515389106,0.1129180370573084,0.0704311495996031,0.09988942367329545,0.030733777350044622,-0.04891777425875121,-0.011943876259021805,0.020211439266649013,-0.03850528723486546,0.0907332211681257,-0.0113197996846931,0.08659165538116557,-0.06225566165132551,0.03249070305998051,0.048203244514134845,0.16434222430960313,0.002190343439770278,-0.007983803592768606,0.10047026621436804,0.11111291228542668,-0.05626977477018454
11,0.028298218008828147,0.1675941214035453,0.03767711782159109,0.057844334356495476,0.026900674917835394,-0.01778716357109683,-0.013658790029670836,-0.008295438761176981,0.012279956965355315,-0.06479453330784764,0.08922382061959531,0.043011849334636754,0.1551986747840702,0.018393084335250477,-0.014846171737907143,0.08789300463836425,-0.07659538841912246,-0.0405906025636519,0.01338385635028973,0.038404710922516704,0.08364314034647304,0.06443323571340302,0.029893361045741213,0.003317520157411065,0.13283745305303066,0.030241954788382562
12,0.12401241346174914,0.030048715129577054,-0.0758440796612394,0.05903885282604402,0.12502415238851625,0.05484667047479771,0.041443970130828935,0.14984980242450333,0.08791456132673552,0.04389496769879878,0.05852468210136554,-0.02011187031315157,0.1979152116915268,-0.027218598285197532,-0.054947552672434785,-0.002068455953062062,0.057647367394180006,0.07332763340387984,0.08682424282616387,0.030130964644088414,0.03123249074423884,0.010262882719599315,0.038449693230004064,0.061606006096586674,0.04436173986172957,0.043344021975350124
13,0.049420691609930935,0.06386264336890317,0.013863780964609884,-0.0016658681422607553,-0.029109625819124758,-0.020256394533144522,0.022054200655060863,0.06234904590326251,0.00812680007773442,0.08819716174449854,-0.009268857779549963,0.038563307916990384,0.06211565527572377,0.05326562603484358,0.07108201940196997,0.14001904255617045,-0.04697071733540884,-0.008035898364008568,0.06287577169521112,0.07123654652931681,0.07770253506515017,0.02789207461776026,-0.01484671003185839,-0.012345589406174307,0.02971471382352525,0.018380167173896973
14,0.03379345043213746,0.08543499514673714,0.10102048342399776,-0.056655888819462985,0.1200802770823879,0.0192116542933309,0.05698123144478401,0.024047234545969375,0.11745637155750972,0.1175017647576065,0.006135283265348734,-0.06903694647274856,-0.007352776216940951,0.012944733573744815,0.11694749399160963,0.08748915464461154,-0.023451041351640722,-0.03849400250126319,0.046468337707315496,0.17820422946692435,-0.022483136134557897,0.024365943310124167,-0.0025579589206345954,-0.0918555351740223,-0.025253261482957368,0.05219450472418893
15,0.1719945968736459,0.10648401093599803,-0.011724941274475525,0.0005519447869861138,0.09130417374442545,0.14952546056376206,0.13614753705687754,0.02852559083501068,0.0718716986712507,0.12963002476008575,0.09477786558480907,0.018866392119056923,0.034220280604600785,-0.02946913735038731,0.060173596661490414,0.01938066882023994,0.002402979354113192,0.011454443736347556,0.07042803139837144,0.0869713339766396,0.06306138536240606,0.012725150308573982,0.05406240367642334,0.06980425444849336,0.07222484041287015,-0.11173572716517927
16,0.03659597233955656,-0.013465474394323274,0.07687982647668075,-0.0073166744440061144,0.047474414830075896,-0.004087282738280444,0.13357345393347328,0.21918778128358074,0.05754956332063197,0.06440941465200435,0.20011003017211806,-0.10421089133707066,0.03902285655049875,0.0018289647471090669,0.02034551994042788,0.15595698981139658,0.03446589172469244,0.07789221271541345,0.06190766111086168,0.07861673232273762,0.07071644400593809,0.07360048579061744,-0.009435722966389929,0.12307759224043789,0.04496019769296641,0.02968693209674922
17,0.09731551654030945,0.1446175920471227,0.059651874117656344,-0.05134921498874773,0.005261225252565856,0.0873788385886396,-0.11929937870097744,0.08168283634770991,0.028256391677521253,0.10859435965161991,0.12598059883126214,0.027373294070375604,0.09238158381881467,-0.06744575382076841,0.026297247057493423,0.039547360583614445,0.020091374188703458,0.006016446804679349,0.07512776333877874,0.03493841332577461,0.0740727162005338,0.020694861871627578,0.040522300610975726,0.1271304558236589,0.043456695332149076,0.009172111296197716
18,0.10987855065056877,0.06419172953728114,0.013244622906854908,0.012812232523581657,0.08889302609931797,0.061906954035843564,0.029902458622639256,0.0047105745043721226,0.06497854944140397,0.032957976570116954,0.10555375187231901,-0.02130269796781803,0.07681079230019759,-0.0352589062111223,0.12963369877876937,0.016659504891100962,0.04186492287390431,0.1065706730667963,0.09767585642337641,0.1295020497928073,0.008563921139378724,-0.08695031006081444,0.0045133798385901995,0.019034180747021085,-0.008176068882314666,0.007063365296361887
19,0.03736665195484947,0.04019233385412666,-0.02790940680366057,0.008167143704439384,0.1382215135585658,-0.008831139371390758,0.07780223061952624,0.05276006851315536,0.10145566492413083,0.08865917111763073,-0.1171698764138815,0.0078705801189581,0.10499485863245796,0.12464036173892588,0.027578899972854603,0.04400700289419984,-0.04766419200786678,0.07607644736770221,0.06798541664917762,0.1277754455533565,0.07942969281125689,-0.010190190040493097,-0.03465997585160104,0.11063491910607885,0.06945789207721904,0.04029447817842189
20,0.03887831597553267,0.10251003900680598,0.044187662216690037,-0.0302718769115559,0.08473026310392379,0.005961817845298552,0.1196798664764859,-0.00968296052609933,0.06035995975449574,0.06132965972322966,0.12463099477980182,0.04580064255253369,-0.04000394311208716,0.05546529976162936,-0.02889850643152697,0.05687025096582399,-0.036607699133980286,0.017769911119241682,0.11215374273345034,0.019746928436093714,0.14255952127716326,-0.012837142427584453,-0.014372678296884081,0.10563388103915734,0.0929402112400853,0.007932595226645967
21,-0.009150206926942905,0.08361068089745714,0.03206358836585342,0.08357902431748081,0.04010881017743841,-0.055330981967959846,0.014841777943679543,-0.003230265298934646,0.0005554750406588926,0.037328981718931675,0.11557217993166723,-0.053091014010590264,0.07054060407101977,-0.0007664254348602184,0.04785302137156655,0.06350619559882692,0.03544088314641212,0.04546761775431213,0.00830717500401527,0.13215721839346337,0.10748768815869474,0.07782431316140781,-0.023504416565584274,0.03797313489234364,-0.024175896352464754,-0.004402750041522834
22,0.00988265130120338,0.09469620613492709,0.05134469948579514,0.002704967250248158,0.08404418795539764,0.031342788598051695,0.005858998005457028,0.06634345807132509,-0.007986892251002372,0.043422813898410406,0.07011570854616762,-0.06210938643310563,-0.025437244855580503,0.06624878021554836,0.10933918017386997,0.06916352291146588,0.029033199736158494,0.059398736407558286,-0.01163402875134445,0.09259539263115962,0.008893214653709791,0.10381537711892003,0.07043048495610736,0.10332875825794235,0.010270821642805683,0.07043594784918077
23,0.051091349246264274,0.021813693807693678,0.027048185901045373,-0.05359492554223059,-0.06797483362604728,0.022876914007774585,0.030854052124678087,0.14280754502369403,0.14198867724857397,0.04209091969878955,0.016862140535285897,0.09209835760855027,0.0910133124136917,0.057204507084891054,0.09663855557038596,0.16553555495041505,0.04713050905252051,0.06778979380916167,0.0007519530386277768,0.0327934174980574,0.03568992802731571,0.061961455857182525,-0.018522603301044105,0.05656018798495943,-0.035386491098792994,0.05400756239358523
24,0.10221872051571075,0.1498305722230642,0.036564384011236586,-0.07087174888729465,-0.05822760205610809,0.0222882173350842,-0.052512336807149874,0.09480682504862052,0.06683514556780379,0.038007780644704926,0.04959866283068289,0.019183040145868375,0.09216900796323657,0.019666057909256036,0.09576601929814861,0.005566657760654015,0.11191524331072267,0.003153154245243613,0.19676610784646584,0.07451745889881577,0.04349358161345569,-0.039771515323567354,-0.048720277471863783,0.09480696323665445,0.12686736975133706,0.1171068450708463
25,0.0985270070481481,0.08183388289962307,0.1303068196244852,0.0002077840646210749,0.06475409368023984,0.07545762751468477,0.07490491055072994,-0.05087758065441097,0.00018476590361475066,0.11728019881854712,0.015890119152009902,-0.013410831178510774,-0.017262298864655967,0.04860437136161574,0.076783849991599,0.027295043423027927,-0.007616559344729712,0.11005046863240496,0.10855267710669138,0.22755374303450895,0.047715079979492404,0.08196581998434897,0.02278229777250405,-0.011622860011872663,0.0895239120649662,0.03337750705702012
26,0.0805707453906872,0.07303735098941662,0.09079306982502794,0.02092377145973786,-0.02703113404830811,0.02327133239660578,0.028284971729062264,0.04098109765926524,0.0027128227361675195,0.028849708392995978,0.07778671866304408,0.02812982123782363,0.08490849478564418,-0.0005048227495254203,0.05495210388376533,0.05610493434651589,0.017593052886050974,0.0184553356873996,-0.01982537685617976,0.05600397428967282,0.07464920880946134,-0.03131741007425792,-0.09834250475998439,0.024378921572947947,0.029817714005685187,0.03141006676736339
27,0.06503160588282582,0.13194280176374792,0.11883920493357368,0.0060496250613010965,0.15451392743907258,-0.0370538979565835,-0.08375737185341776,0.21140946957716825,0.10763778067810693,-0.07331662421082359,0.023850843428417274,0.018476751090481896,0.10900983533277814,0.09423904633688956,0.05676970480521977,0.05156233982268765,0.02013334664752827,0.024003436467128252,0.08715440679967575,0.1474327929088847,0.014655081432967527,-0.012574213503889653,-0.008067485728244747,-0.06704886297607059,0.00848726781023999,0.1339251152933044
28,0.12009897213752006,0.036272090046550444,0.04849527277405732,-0.0247751497794097,0.01764057408859465,-0.024122098942506904,-0.0395832292869332,0.14138618726259927,0.10118829780183984,0.09323466315311747,-0.005355473229863147,0.09219644791671151,0.0474821196571954,-0.027143219385232415,0.04198773550047822,-0.01170092903691028,0.14036294444428332,0.1212495230277595,0.09131456273649317,0.09856035952513793,0.05072997283592917,-0.004703419648637482,0.050657781729351,0.01030926437907052,0.07363479066811841,-0.06486423026079167
29,0.05451944659708833,-0.03659799283488929,-0.0059853016138932125,-0.031724370638356515,0.1042516779501139,0.02331704390981824,0.0808950182975991,0.07372334435053028,0.0344205721167572,0.09955057886355145,0.05621794324525459,-0.008627397095593218,0.003708909354507536,0.11037008429560212,0.031317455098515766,0.028568665126931386,0.0932761636103558,-0.009770825178423703,0.10763582290804091,0.09317149945177172,-0.05093732393919537,-0.006276324151887613,0.030754741633356453,0.021076292350635368,0.032911263676744684,0.11642708554889773
30,0.06070650997800434,0.03556705757928408,-0.0969242938454505,-0.0025659943623040915,0.05317662608468199,-0.07464511867163269,0.05721998151469896,0.020033090508622897,0.03623857757106295,0.03853729364359978,0.004373921835417405,0.0802664407139914,0.005794798320286824,-0.012265250774671685,0.1091067759663713,0.09166716631527959,0.03666950003742377,-0.012484879496202991,0.13754713696375495,0.18177876294176018,0.16997427959105044,-0.03384552334126184,-0.017399570365270678,0.003907963083469412,0.0033307629638291147,0.033799144049836714
31,0.035545472688019886,-0.030563267144368262,0.058055285827270674,-0.0009032209004503824,0.10935499915859281,0.050673266782840544,0.04997223395687824,0.13444092367814353,0.0243278580874897,-0.011904713062629042,0.018617960522591476,-0.039280896539349464,0.021170883721061018,0.05361725429961206,0.032784841910120856,0.1536450468732494,-0.01858911872262174,0.02540876962936337,-0.04002483972255647,0.03877245901345986,0.00323027716937598,-0.08457674624439286,0.005778252317704384,0.043651180200925545,0.03087832338428137,0.10233718051017444
32,0.0007788029693814504,0.12493941243794238,0.04287068722276525,-0.012793017163295303,0.032547436198182754,-0.049665217262890526,-0.08034224970159813,0.02222145435272928,0.02390203648657143,0.03748575800278779,-0.01630700578831501,0.012164601178423922,0.04577252155567124,-0.043219647908924595,0.15395472405758204,0.03823685214639685,0.035029989412378636,0.04569182197876903,0.003992223650772009,0.058892855623514394,0.03987298477013488,0.04376184832142612,0.04597988373669665,-0.02999508826136336,-0.05219282284568318,0.07697637967067483
33,0.14495426334494024,0.17918243867980943,0.10369498551834788,0.06563983121660438,0.09470919675550021,0.11716675886530041,-0.045762148287093664,0.051338740750453304,0.051377870025212546,0.035136954338373085,0.08737231168019426,0.03090557835546598,-0.00912818914956015,0.02388180084773576,0.13512901806700703,0.05648267515310812,0.10995058175177448,0.0518233929604065,0.041820964668361084,0.06168875709040028,0.03587642601598819,0.11343890364319359,0.039197566470397426,-0.008820054277058731,0.06916305101959686,0.0714803903044663
34,0.01582912951606578,0.07395880321707315,-0.07964215789083422,0.0829332639761442,0.046044654970138675,0.10117743951077181,0.05086184948816156,0.024708594173510606,-0.004987481065289123,0.07105470828994175,-0.08463609752442693,-0.03821840953361211,0.10479496027178122,-0.007168387748055671,0.042119023881282525,0.042083665400416116,0.016984592621413237,0.010916734388842903,-0.0022123102718563104,0.023876322507672208,0.060376806025380925,0.15804260171466275,0.05528123564439583,-0.026089158524386685,0.0010431643117004103,-0.027742481454738233
35,0.12133564710944174,-0.07477343115866915,0.078225848762569,0.024655074356361606,0.031266540883221804,0.017309455810945194,0.054806929236612824,0.0365504831675458,-0.03922385002628578,0.033647634307667686,0.07533382753967359,0.12662902267052548,0.061002335417114195,0.05349296408475094,-0.056758719994286666,0.03546156534742758,0.017322658282976834,0.021725007333671293,0.003298626370126197,0.03792304412309564,0.027233553794875947,0.09134113733558308,-0.04403301198950386,0.03708161787479417,-0.013173534092284667,0.07907977699992187
36,0.09612513626896918,0.06667949327926613,0.0013848424979793585,0.041049599799976855,0.022602564299032808,0.026555766519564372,-0.07669820786737187,0.06594745787861021,0.025333686000220346,0.0610962563021674,0.018436798682897677,-0.007993232410378378,0.15657017740261475,-0.03964664799876524,0.09573475517837311,0.15282572810520578,-0.0448430869977127,0.07340850016461063,0.0038977585750770705,0.09118899829429351,0.12773601687961336,0.012378871744469333,-0.040665739215440366,-0.0751633790036114,0.08019974975132578,0.052023984788586754
37,0.10345573516796973,-0.010080834692985338,0.02706942626752464,0.04296106473837352,0.017146701343661325,0.06978468023230992,-0.03397967770207825,0.04880511851805965,0.07684910421157369,0.051065243218602764,0.06984384810042027,-0.019402251137878728,0.07676748874072441,-0.03071769224435089,0.06332764968043762,0.09316194127661233,0.020259696826572526,0.03698329511569948,0.03465740793452369,0.06787716966080709,0.04082488879029339,0.06467650997297912,-0.06525220276109356,-0.058672734957328665,0.06226830733252251,-0.004181980662095445
38,0.04025612135281494,0.012325737961011201,0.14905046770109637,-0.031859739405073105,0.06925704023736656,-0.012501752618085893,0.005884198187343222,0.03513539627037036,-0.050322405661695914,0.016358337657195927,-0.048029466942153855,0.08162993142565687,0.020087565532400466,0.1793066658651807,0.06608220378358864,0.050711579792830565,0.005180630563600611,-0.029383560627179135,0.07596500457090812,0.09998457345009516,-0.0207639417881302,0.050587299712110734,0.19861654999819175,0.12522728939052752,0.01233351154249544,-0.04649722401899218
39,-0.11699094344033494,-0.08230833116276833,0.006110470532588416,0.030884169409428876,0.08998242748473796,-0.022746663269753997,0.03632071679703778,0.06019061029709801,0.027272325548001557,0.06223720293663948,0.07056730846309232,-0.05196667128464708,0.06297948767080912,0.013462893773729612,0.02981840399531105,0.0435828570197356,0.06198631324440322,0.038753146648208836,0.1005226243286373,0.04372216400113321,0.00787969862796208,0.10405729573914385,0.04957928104041539,-0.037533643553580354,0.1405300928886441,0.15206599357647863
40,0.030096565315253156,0.0918692019832431,-0.01368240206143693,0.1268563142926339,0.017091424751218182,-0.005524287763856014,-0.06112141285238848,0.09075882273330708,0.12749363383517634,0.0633902883866372,0.06861764186217388,-0.019140115593585673,0.0719584434199287,-0.08213659293172998,-0.027489040649692542,-0.023795037755726205,0.015063625736680575,0.019212410879666592,-0.04703584544843651,0.07843374763157225,-0.03539090528007699,0.015642715023180914,-0.058283287973828125,-0.012973853472318848,0.0043737759078514475,-0.01261102757729223
41,-0.045728555475824086,0.029678010352073993,0.06592625000794072,0.15103253440039455,0.15256797706434091,0.08047547035384973,0.15812086677765622,0.10833701536025363,0.07184286241344624,0.12364767207617623,-0.004899703668762356,-0.023364780517737067,-0.049352266343370775,0.12836844249221577,0.027007000540835713,0.01784378629580154,-0.014979192118612983,0.0056110580008435496,0.11660379328950003,0.2435922656336279,0.09231232772570797,-0.05671875123216726,0.08480606187582411,0.048952696970400465,0.05138605778816174,-0.017767818553102166
42,0.0667728066063487,0.049831322049268954,0.03493497372735965,0.0490583062425877,0.03059263695960825,0.03141092917439211,0.05652414225852952,-0.011293403453734235,0.12381971298891536,0.07363777694446495,-0.0021092933314057483,0.06208655257463974,0.07563266662203649,-0.027459219903754623,0.03127766809022916,0.04668661176436858,0.02295834002898719,0.10167688025531695,-0.0555132608000282,-0.004181168678134709,0.04354183673789417,0.04083245713410096,-0.002889864557484134,0.021017457953824887,-0.05092891472140587,0.03414865266177066
43,0.04347044095312549,0.033024541410220765,0.053795031395028205,-0.03664344735124856,-0.11073676516482771,0.043086286326121846,-0.0050294872555533,0.07799304924166907,0.01912425875946318,0.018327203965671446,0.11346256709013806,-0.03237817656896724,0.0696755778960756,0.07848755523057832,0.05572371581329927,0.07522265615510376,0.11164517244289368,-0.02540090941980137,0.17654340208542701,0.04033863498340989,0.14215279683296614,0.1436937713654153,-0.07061185427384627,0.06790537608218343,0.09762097871640192,0.05671049053172791
44,0.05414381195534024,0.08465434625117775,0.08170436972072269,0.08767419080087714,0.027572811638951384,-0.0053596272141070815,-0.012108121166715094,0.004723145379016469,-0.007436056409847902,-0.01539474845074142,-0.008522177131516614,0.05613747954810189,-0.006895846461350885,0.0039793156486381265,0.031725475965497685,0.06624957096129701,0.006851593541015055,0.10727221749909732,0.09476769183762597,0.07735141821158004,0.06184549868668626,0.035748462862867404,0.06001698685762628,0.028292442476217077,0.04913932393777901,0.12499379904515175
45,-0.0061624234066745,0.10054375604065717,0.021254789229216718,0.08324630775730553,0.07758523957215085,0.012969458479957657,0.13256272245859466,0.01607808359958705,0.004915235390075804,0.048986926109393515,0.05802520874524837,0.04571471713820988,-0.017148985316632837,0.00857835992242617,0.1205843478944969,9.053075945418077e-05,0.07548572015867662,0.04931462888202964,-0.03501193212804584,0.16997591521338215,0.1082312460073999,0.19289446701239257,0.04949425339869014,0.025383945056299297,0.07163667641600091,-0.16437260804566392
46,0.0032613202902766294,0.06305824526810029,0.025265548846639712,0.013720551911230245,-0.005266621330832555,-0.03547078661071429,0.03208592757401659,0.10870922266036592,0.02115109358123322,0.11603297638169975,0.09377180054958094,-0.0010398129461091459,-0.047693949832649886,0.10523257377862849,-0.02263040192417372,0.06280619738189241,0.07509870920691697,-0.018747920911939848,-0.019405662945351326,0.06759689741892168,0.04284814804329817,0.019059284178540786,0.07199031805113427,-0.03404229452512619,0.06136348936211794,0.02035550023590767
47,0.07527872831419019,-0.02404905383571454,0.02802422188303107,-0.06449333607368989,0.08669946298947895,-0.035203508136038175,-0.0147618740834999,0.033225269559475655,0.017342731148976942,0.05332702138026949,0.06728916726510187,0.0072498660940112925,0.03009649461866356,0.11650135869648519,0.06651270377920278,0.07264609102414173,0.011639351081885074,0.09148572941583553,0.12613369090713436,0.03574321236218503,0.15636965009795464,0.0054520044344921,0.02856333549660702,0.017073189273858442,0.17208812211151106,0.03495866370161188
48,0.025973330512097808,0.08128900525240207,0.11078091979456894,-0.06263300052306371,0.07967442425112121,0.0018921568392886896,0.00730559084912813,0.04690893015280684,-0.03770056035765155,0.039457627808950846,0.0025854547359618896,-0.0342540957906984,-0.043484941962310474,0.10235798300158216,0.04744045895219675,0.0770700326423801,-0.008851915939587377,0.023517915434747537,-0.026175984714419953,0.14743834057053107,0.1419704392338508,-0.005784859557916855,-0.033951040553217925,0.13626466050550198,0.06210446456002775,0.01420971482694261
49,0.10345919892406745,-0.0018614322286237828,0.04580408636514618,0.12640597174576387,0.06424587313178966,-0.013567857230145197,0.050909583414615364,-0.0062588881690289755,-0.10982036675050728,0.03129904277311372,0.032746661890428706,0.030847248333915684,0.09087859692377853,-0.002682827080513298,0.029010741505581066,0.050026516398321806,0.01859730108775794,0.14874711464961063,0.05589841675214824,0.03010360081856293,0.004243375326464571,0.013763717294826413,0.043173714271532125,0.03347928563944502,0.06223099152654399,-0.003747590582113658
50,0.03486013305344197,-0.029279431358258484,0.1263556159711735,0.060135265121738446,0.08173052275096243,-0.05746444576011037,-0.010983840097064176,0.055990516630664955,0.009498267180946355,0.005591487908990186,0.032053743455161265,0.027624463551951806,0.10783446973185506,0.017745499848093076,0.06987696673193385,0.10241423554482636,0.0306947802271265,0.06470796371893445,-0.10710542022668329,0.08500226434384883,0.11767203684416068,0.029464684798350977,0.020533511920970044,0.026196004273319064,0.05418578322978612,0.16707394593440922
51,0.05310298367413265,0.12152475859202012,0.006146312000776219,0.030932355283055397,0.044251058232505136,-0.024143791155584755,0.0601888213215833,0.08759175049555812,0.1337398922536289,0.14727399196799176,0.014508488517438875,0.06996810657557795,0.09733746633217633,-0.01200610500017163,0.09420790967010916,0.07848626450042678,0.06855352789033846,0.08311057085526481,0.06832307644998552,0.020282687566267516,0.08130158702780672,0.019785663546996977,-0.0017612906447803112,0.06986727099844948,-0.10361347869460492,-0.0077513905974496145
52,0.08540703337047327,0.08825559126675508,0.04541113210831771,0.014183454144404953,0.03966458165562856,0.0582094175326409,-0.014038662049587813,0.020012198163798955,0.08697119801417297,0.023182929515720003,-0.015673062567407487,-0.03337480658700739,0.08576617637837057,-0.08148036427636855,0.14411198928751845,0.004964634713505148,-0.012256380904645833,-0.03697087686452281,0.04026571252319592,0.030153340480356915,0.06433573536231625,0.08901643059944848,-0.062137250231141694,-0.004010109615169122,-0.005569490861841979,-0.0877761988838482
53,0.06557205496997814,0.07281118154265,0.044249522721219514,0.025163801299663092,0.10870870201982115,0.11900139522800547,0.034520876560050984,-0.019255213001963718,0.11317808200350273,0.024301909478890677,0.06315264267373126,-0.022681766046605767,-0.039925769457804315,0.0524058016017069,0.0775288778309068,0.10186303512087862,0.03991586408427986,0.016190006946914505,0.028025648389260506,0.03770313795287936,0.05078220061629868,0.07478932492580688,-0.0037064087921037103,-0.007807267214953395,0.060844000806604424,0.08047645057034027
54,0.07536514873579503,-0.012143638895590558,-0.02273011665163771,0.025217901508866176,0.01854363134776473,0.021066420374349026,-0.0694598007418401,0.13456685308630786,-0.04508393611761582,0.10799869485255109,0.011163419676156694,0.054030061472827406,0.09940247771367944,0.008502556715991521,0.03422150881128568,0.0866779660942063,-0.006876755356325925,0.05949455831767886,-0.060709481319431456,0.04991100310197808,0.04158641299845578,0.03317757793397996,0.009558907685514631,0.07155559923081312,0.0029904072974574203,0.06630520205023416
55,0.050763735557627,0.07787442685907824,0.11664436182770542,-0.1123390872062256,-0.009682000500667587,0.0292874641717988,0.11422897789124999,0.016352264986272014,0.05421710353532153,0.1578855942034881,0.012712151628105054,-0.03404613347248453,0.014320173440562207,0.004107467157237107,0.023057074089731195,0.07115182172357447,0.01797610288209069,0.1066158942921021,-0.022890326634342595,-0.029326717242375473,-0.006793952619156163,-0.012764434839672305,-0.05510174450407503,0.020840597550745354,0.024976525764986435,0.11025112362798652
56,0.07128581393546986,0.10837426602299165,0.049369302782851496,0.13355385764655123,0.019825612008451454,0.01193882166325986,0.015599412259513685,0.08062476625104442,0.0033096300942281887,0.06612362991629962,0.03689912762708858,-0.0584921314737941,0.03528687623178404,0.04659466789039771,0.030081678446321647,-0.04045926832300848,0.054385409215870095,0.009588762164035092,0.022087238154765765,-0.05190106176969831,-0.021169669748093922,0.03161205320517446,0.014275870702076551,0.10649112059946357,-0.08164780756826005,0.05699301046032418
57,0.04204726995835689,0.07558911648535444,0.13146391279313133,0.07190370249393992,0.043550130668103704,0.06427532265423853,-0.005442571463628605,0.03707157455627996,0.13095941179335324,-0.048580771848370674,-0.05122469451217201,-0.07115855895757017,0.04358293564799648,0.026883134038435487,0.04215209096027426,0.06925404985995016,0.024167224728064356,0.007296586730865973,0.01880078599802585,0.011874482613352924,0.07368831682087174,-0.1262729205924221,0.0619398410217646,0.04143094117475107,0.03025677914099928,0.057815261105654145
58,0.040841637512350704,0.018779495595325657,-0.017128480624329995,0.06559584241247524,-0.11601724475853864,0.023137495016526583,0.07903404509441801,0.027787907898377963,0.05509514327324996,-0.052282789288916366,-0.055587900480164265,0.061834799623322424,0.11941378324428363,-0.017421863266121385,0.06471850981830579,0.10617309910390087,-0.052989173323085136,0.008437514767101712,0.13703270707365153,0.05287587223300688,0.01000600258134321,-0.0044412463517982115,0.05593468302131033,0.08232243646760908,0.024662105389011185,0.046649324935458446
59,0.03381367619893827,0.025007810441569207,0.0688137637255833,0.012412944519820076,0.06739780903198517,-0.01291834319593734,0.06646902306401503,-0.011759673240080407,0.003075834871304398,0.12087091122788175,0.14764570640955862,0.037055613687459264,0.06377947727241844,-0.01288500239317177,0.05047578943141976,0.06990315806268495,0.03192163454061101,0.008925419954688948,0.13204437981695202,0.10755380027279243,0.08091752641903438,-0.010298466751568794,-0.04730990816579864,0.030478733217810156,0.013551039965468322,-0.04988524253437628
60,0.0931935771794417,0.03814993741206165,0.044320623962143535,-0.008985527517533823,0.025183337917127086,0.0887767256452043,0.03610053455066601,0.03870924088601139,0.040031646054444536,-0.035007956212732984,0.11352260864705133,-0.04227909845680441,0.12013474129144226,0.025763355905209246,0.05307045727154586,0.10636986230747508,0.005290157074012092,0.04860221364514546,0.12004379906655185,0.10771019950260731,0.061873798451834015,0.054582757369740074,-0.05371978524595986,0.004932538020277969,0.0005386882500827601,-0.01081467619642586
61,0.07203104684426638,-0.009889775885420189,0.03160678831888188,0.059897984832295026,0.057297397169069494,0.08236338356257687,0.1320163419387098,0.05203177595967009,-0.05106905927626724,0.11225929647459632,0.09789401192787402,-0.07615739469440769,0.1026050757990895,0.011706589105725048,-0.040016200413339385,0.13584151276175577,0.10964036889556954,0.07323406494134461,0.0797742620572826,0.08923115507812501,0.06499394890573763,-0.023969276659215555,0.09192006132415576,0.12174852411534835,-0.06134332341088453,-0.033367236855762594
62,0.11977401159453342,0.03461102893090079,0.0458956301848107,-0.008757850710637708,-0.033000064948777684,0.06292783669090601,0.09116691696441964,0.044838345614489294,-0.005828553648966839,0.053375525088630714,-0.015485438120706204,0.07195420083743052,0.006688893110042985,0.09277706772799472,0.15367199057508119,0.054232720699100866,0.12167639761261173,0.09253805494440655,0.13544940646715864,0.035256901048172695,0.10638067113411324,-0.03469261749434469,-0.06577069030352185,-0.017597952496491508,0.009432245117399337,-0.05652485585611139
63,0.07033308797995934,0.09491571745571568,0.045222146454016954,0.0079683339361592,0.04681984031976488,0.014007799107763378,-0.00871615864342673,0.0025997923614250276,-0.013331226192944523,0.07383370051264211,0.008493087967719323,-0.00787467284579598,-0.06911534531863235,0.12856021793391767,0.052118683137638455,0.059097249479198866,0.03488879838001565,0.08686415903794088,0.16531308191344626,0.15409111067476097,0.08643747973579734,-0.04797015735301554,0.010890742741274162,0.060229735460945566,-0.021673943693689246,-0.01898887871959191
64,0.06162670730736027,0.020283183227709462,0.028389168095629042,0.004030102941612065,-0.07136199084629462,0.08970121849604869,0.10465622500729821,0.08081833924965272,-0.028239176116593323,0.11463510095139122,-0.02687975037664349,-0.028698200910019272,0.03054205046174413,0.0654979870046452,0.058943510500773365,0.13114387798914554,0.08083386369908731,0.04702424013928227,0.0667529824378052,0.043483462990797306,-0.055201383740664266,0.09415263474241231,0.03900848329620843,0.08574924327780899,-0.027684331355502096,0.042359383863004176
65,0.03536879329320384,0.038729205019588576,-0.011955722223167913,0.03966222018571258,-0.036435402860239864,0.008152557317632592,-0.03664193268174398,0.00423420935476924,-0.025848917552776574,0.07979065957847442,0.12073445083006762,0.00480678681500013,0.08593008789019914,0.009619345541820035,-0.0036743460573530617,0.12737459966288678,-0.08229819476443902,0.027396451103724906,0.049206338401679706,-0.061006043913335584,-0.006830968078111455,-0.02907196651059718,0.023150829325912947,0.005005804605792346,0.008592944218046739,-0.11751916920548365
66,-0.007803189399944677,0.06008012065224907,-0.013961417323525774,-0.05014549649233816,0.08373822311572811,0.014713795676236133,0.12849038696279377,-0.0033880709070422763,0.04652766723212106,0.13135720114427377,0.0946147582360994,-0.0156156535499688,0.10505193908322767,-0.002044977735747744,0.09687252975401915,0.14244588695452629,0.04232105030305189,0.03089766864055371,0.06390528539248097,0.05370322650114889,0.20213432461454192,0.03778772993661008,-0.0507897596666235,0.011056603290751236,0.0002966977287132688,0.023656855111190034
67,-0.018141582304585513,0.06254483566247555,0.05793667853208515,0.07268365844477657,0.01458138127214433,0.04111322856613375,0.08102886787077328,0.13183216418346072,-0.1384413340162576,0.03431404075732092,0.005528462086577368,0.023900505233256188,0.008917590031218059,-0.005826782625959703,0.06615839306285283,0.06436261387086607,-0.06061829575438558,0.0371624200775638,0.09834410347500762,0.0921293508973785,-0.02062682037111374,0.06264072204696951,0.0759360540515311,0.012296042454666053,-0.027296434252280233,-0.014578286526297593
68,0.060711214574782714,0.03285347569545529,0.014348555981925082,-0.0634585981568903,-0.04492628788129457,-0.0859449208331675,0.009989883478629502,0.11381950949064601,0.021403357788072525,0.02420918701439434,0.09529077710021912,0.060292326798080845,0.08650602012026687,0.07031139899577744,0.11772976180697607,0.027105988415052185,-0.061462117586419916,0.05546738576163868,0.1477846866198416,0.11822757539642274,0.1611740677869437,-0.04459435075650947,-0.04336041343704152,-0.02278756828576896,0.042215343659928274,-0.09616503386293336
69,0.036848759917316176,0.021535091854300765,0.11142924890227306,-0.05209357125866313,0.010210577396069601,0.021064273534458684,-0.07000384972459196,0.06992433263424878,0.13179146762580154,0.060837594917313643,0.0013718145377710949,0.057773460656101096,0.013469974552499911,0.03954625173909032,-0.03533029438759914,0.12555171893774505,-0.03732815833101668,0.09384208012223372,0.01917481442667009,0.08570719255145408,0.03300039513027775,0.06775654768271848,0.03761211103211467,-0.007514081387773319,0.07082212897018807,0.029891498581870773
70,0.016498226481885297,-0.025328853162926934,0.02894997780419841,-0.012566696594941973,0.01644991228056447,0.057267465385448316,0.03398154991001966,-0.004412989346352703,0.05406301156880335,0.022373016809404473,0.1077764542911087,0.06580487476026921,0.06133402266576402,-0.016482122486390676,0.08215194573903249,0.10050690678203565,0.07794000009203239,0.028566426974057056,0.11841554396199983,0.09723592896118631,0.021009199893953463,0.09705594784633352,0.010661133127969308,0.021818332063135104,-0.028852867187711,0.06297370543799725
71,0.07821316418872419,0.10205812475297049,0.009166992820955417,0.11617439161930403,0.005645902623577892,0.017902573417647265,-0.0029440898232143686,0.01592940208367899,0.04641699000264201,0.058306299885471126,0.040967370255188706,-0.08270731581947503,0.005512020768007682,0.06847904557915352,0.1324029092219486,0.0801736553078894,-0.019192687594216867,-0.011950402359320877,-0.04779030127979572,0.09350176959550242,0.07838094089095117,0.026654559604511185,0.08292162590735315,-0.0245373220341899,-0.09921513348267437,-0.1365377553854971
72,-0.02791139333626987,0.060391898456605586,0.11858111289890734,-0.009301800779658956,0.110584071575069,-0.05197912481504526,0.07062104770386822,0.08341698398628895,-0.030851982185028992,0.08312633200575008,-0.002837094731612218,-0.06303186469906652,0.020072422385347916,0.054139911564091224,0.016259433803735495,0.014805505418936587,0.08908505922852006,0.062418821484644685,0.0679328481192021,0.04842767825092278,0.005848780691688279,0.08984181930583852,-0.009760630271751187,0.0066793276711715754,0.08585342641716205,-0.17204834544153888
73,0.08980280554455278,0.011737801238714115,0.15067643946273762,0.07688813355759459,-0.07005652907595761,-0.029404030102019973,-0.010222116189999483,0.15348828350439778,0.06796715006509323,-0.022338882718475617,0.021795384410238667,0.07405605919263424,0.011534440730714265,0.010920642719853785,0.06209130450179958,0.026667453917898244,0.05346804292866865,0.0833589083337274,0.026917336348950494,-0.009570076121220775,0.0752910147832405,0.0011238136557614002,0.018772140069807614,-0.02151660541310948,0.04239002747723358,0.04353562634032606
74,0.08978692495305052,0.0589959634432865,-0.01573713587340873,-0.04200153355280306,0.0518393758587129,0.08172855432059174,0.11796580976984666,0.09606008673709505,0.030543197449450814,-0.0020665951814383497,0.00854450297530307,-0.053083927379032024,0.02405873491883037,0.04088801251313726,0.07535462167093426,0.07442315213778757,0.060583420913867224,0.14808937302986513,-0.011925555291892709,0.04621534009559147,0.02428737950670427,0.051363905743880243,-0.06368729872048495,-0.013864820309058926,0.0014927501481206324,0.03293400000620417
75,0.021514638363060223,-0.033306757000759434,0.05227071153922943,-0.10718814947488929,0.05112773535715098,0.1288203882483972,0.012225794558143358,0.0029965811039850223,0.04119690715358424,0.07047048627611226,0.06694185021642331,0.024831472207360705,-0.025992471896781482,0.06273393340874274,0.02797236824494346,-0.009365543746859939,-0.014811882136313848,0.03156811284984443,-0.010359250142396359,0.01981008680510536,0.07272829322487269,0.054895893973016675,0.04048852800429744,0.05031559118839668,-0.07596268121605826,0.047392969654661374
76,0.01237278307585038,0.0968919006449434,0.011410679608131172,-0.013662109225946184,0.044330261644534595,0.03670385664771473,0.04470681661588758,0.06515077132590015,-0.00455286727314641,0.174924290931488,0.04754096377191445,0.0733698075571622,-0.06435312695878474,0.05707946370588365,0.09855156553358678,-0.00935587138786855,0.09050408927647745,-0.03260155533282664,0.03855404723221769,0.04097506915991217,0.03787287895553119,0.025918615116701738,-0.035044122976751524,0.10496920658117852,-0.04532147569499242,-0.061140364059644015
77,-0.010651988343864993,0.0034185157861851647,0.0742983262109299,-0.08002945836590077,0.0008457131888604356,0.057105277146107615,0.104192979189612,0.06353029856506104,0.013118133426096468,0.08735513361902414,0.04721838719672178,0.005754327357201161,0.06984966224896834,0.15405718235554894,0.07990667096761513,0.13548621585112933,0.012944463082369942,0.03587408934523447,0.06032163092770423,0.055673797768763966,0.05613382650709472,-0.009108237642072303,0.03785117176900824,0.05756443554266936,-0.012425422448743265,0.015656772031801585
78,0.12483245048789714,0.05353431916616641,-0.0399218808975896,-0.04419905109381831,0.032089970818994264,0.07587284691433571,0.12152945237364317,-0.005282541648244229,0.09268570347674583,0.0217690571821042,-0.0023767275628700704,0.0012916544440478295,0.07893371438344814,0.027438513112382656,0.12758981036115047,0.0833308274895125,0.008117463699907937,-0.030438406705026472,-0.04391407558167285,0.01783785580126901,-0.0037102990777484095,0.01567251167090067,-0.04718598815305627,-0.0418310571226427,-0.03784762056890458,-0.046143483428910725
79,0.06264571873117847,-0.057690473887673545,0.06600082353551155,-0.021107007637027293,-0.032147311900137976,-0.009994680624619685,0.13816991733482467,0.04306213700545066,0.04330952000291514,-0.01505395579737408,0.08292428180045218,0.02043399149428643,0.06562931979235258,-0.0288827510504656,0.04379415872601061,0.051600323580205276,0.04887306220382426,0.1559278664805352,0.08761286859125493,0.0491175580006856,0.08381638855277466,0.13058443381396376,-0.008166885391770426,-0.05985798354542412,0.02681917481507758,-0.04782462564783289
80,0.06000555985270006,0.07344085373372695,0.10305736222449391,0.03559458715354347,-0.002517080062242827,0.03343175106732987,0.029722987461813677,-0.08076138811004567,0.03161708300678242,0.15051476989078685,-0.027993055408598626,0.023869957933427905,0.06886495917184376,0.016910645874522366,-0.024290058043152412,0.09243075079200158,-0.025358555530924143,0.08949223885993929,-0.004730519471624728,0.057375328789322944,0.12146026690259554,-0.05725941549768295,-0.10925254612440462,-0.042641622533859135,-0.019615864644019616,-0.033528527519521546
81,0.048971226004416356,0.027277084982855804,-0.041768681316810906,0.14032299526432673,-0.05652305175668987,0.010852492918683287,0.1230746017219264,-0.026868608672546257,0.060500730342198085,0.023804228729707333,-0.029599513680656553,-0.07692483108575023,0.09318878630069356,-0.08372841895565508,0.06406193536821969,0.03534775169565274,0.10496878505491188,0.06550879716349055,0.09883631943869566,0.07038506899868835,0.038344512470139216,0.03783557009341051,0.0053228787749591095,0.15579558723077477,-0.04485590193378469,0.11908791897599104
82,0.1399820196774625,0.11361883154327358,-0.010201476421487202,0.10337319959150261,0.0277468713182785,0.028336264550196943,0.020253282721085765,0.014017513800768377,0.031684081037875324,0.019538825484650524,0.06561566168195908,-0.057486483893094964,0.02964759571525314,0.04546559656115425,-0.006322718391948553,0.07081924134279834,0.013464001387411459,0.1016279683695059,0.011663295064337201,0.09387029495664023,0.019379926722446927,-0.06993426255883067,0.06785789469610737,0.05761793923950883,0.07496836436828509,0.07982817746470683
83,0.03696018080952246,0.023462380071660682,-0.014047315648943348,-0.013163935116603964,-0.003171062367349912,0.11484999201582254,0.043715690059756576,0.05589702315555034,0.053919872801620826,0.004031322672316632,0.032826473689972026,0.015336121112040543,0.030448526010423138,-0.06272400545690719,0.0505495872199892,0.09029187821132212,0.01754102426536362,0.06824624756542268,0.08764014018528975,0.06686382819654772,-0.03118740193568122,-0.02042775896831885,0.003127896380249036,-0.021778508880673564,0.1106337844393925,-0.037131676148517645
84,0.08386364681429842,-0.05017496277166326,0.0982027991199962,0.07288414007331401,0.04985067619460132,0.11670160013369285,0.14833954564156918,0.012747200670329714,-0.040003550421544555,0.02089486675878116,0.09380411052328304,0.004993155864046324,0.017224907764955017,0.007693650380411365,-0.005005937430443974,0.06903237865794638,0.11464495906849287,0.025316036361050807,-0.005381930819975696,0.024682809392164218,-0.013819402058144173,0.05681465323318885,-0.016770443694859583,-0.02565962625291046,0.00898457360631629,-0.09626850399892446
85,0.108783199888398,0.07937954191973177,0.17892715520084326,0.06547498399813355,0.00844294712593019,0.1179990454154453,0.03467307387335291,0.11420042310183637,0.08957945242381184,0.05214193136493395,0.05145235645994606,0.06533039596888794,0.13545476388632302,0.0062759978681503625,0.12822272978219815,-0.007555955786663238,0.044317380426219355,0.05300329777241856,0.041701928243072416,0.04368444615941702,0.05741695715490961,0.07117079746429389,0.08118202201117108,0.08808574817842285,-0.020839588645514346,0.04730093360556501
86,0.07022362042771156,0.04688062844172747,0.11033559711752734,0.042587506353456796,0.00365636112287578,0.0737356131769238,-0.03722967655820445,0.10627305723849302,0.07218859186838339,0.10919222394342525,0.06901882888811216,0.13135862437320922,0.011414891503850038,-0.0036602865552270805,-0.05355758248632551,0.02431337886191648,0.034410927510226376,0.08482555572554451,0.11578162335919052,0.04241418469638767,0.04747355772868874,0.05393900199472771,-0.04424158955984977,-0.03885521045622068,0.03616268371954597,-0.028083084690753567
87,0.05257205000608215,0.038779211302176854,0.02832486659186702,0.01539487021401013,-0.024270120627091513,0.09140037170598381,0.017907549608260836,0.020631068034370037,0.0657223043362587,0.1403600210162989,0.0528050574500452,0.0145802132376139,0.16608092537179606,0.03779127990045154,0.0492618410356633,0.09426189546507657,0.06427234001373584,0.0131290157744454,0.05655542257445767,0.11647168886043835,0.04817239206103678,0.10371558641952618,-0.09889192684024034,0.07616033363436626,0.026051843695148957,0.006359858019809502
88,0.0267977049169581,0.026301621065459597,0.010928633292812167,-0.09914319771774754,0.04599514559482013,-0.0015275391408141239,-0.016091328796468962,-0.002622497949572848,-0.014683611270375504,-0.021220817817697468,-0.011112599845082432,0.05706305553996397,0.13000973798206766,-0.026793377662941337,0.12272374432590116,0.10288168106996887,-0.03032717010903091,0.010490885251960846,0.16729959298623273,-0.060332842157798515,0.06334622905356684,0.05686722265066587,0.004513584154167066,0.08790605006842915,-0.04388504488954988,0.12133097233621015
89,0.16572668090652817,0.08213500278916679,0.03769931902836617,0.021108564704076814,0.07337912475050339,0.06525092287665453,0.14336651417175295,0.09318753875557588,0.06348587354667719,0.00018072076659392255,-0.05422933341627286,0.065493867490863,0.051445540950558345,-0.0427919673934663,0.08868533738267254,0.11380702420154515,-0.01634708058678745,0.10695090576184507,0.15360707967542953,0.019285681546485356,-0.00583292598158075,0.02812325071172648,-0.009976522459296774,0.01827340479251242,0.07389318583504133,0.09567846989660468
90,0.06855938309840727,0.11106231820963915,-0.0049960483563281834,-0.037270517780674584,-0.0319149865724239,-0.06655539410356048,0.02939186173581691,0.000878281517972368,0.0919376428939482,0.15239134465094564,0.012024358188138648,0.033569831805578765,0.0013364068136785257,0.0026454341890005395,0.02176813196750695,0.04689377845659539,-0.015959452474624415,0.05652509594742117,0.0631056119591235,0.1254223509701822,0.08722343526342247,0.060645898956995604,-0.09534191483597794,0.04768164162171673,-0.029474609196244356,0.011611502584478592
91,0.056515888579729945,0.030259713328100346,0.028093860259013725,-0.08569336428767227,0.012889227257678753,0.015163890510104434,0.06974753790951871,0.05637362049639775,0.008750012793058684,-0.03944179910564686,0.014815935475794129,-0.016915879420920227,0.0006066144230702693,0.01729621048372315,0.0016424169756856788,-0.02545245215691209,0.08421217643373329,0.032525440200657986,0.0722688335370435,0.03769622631209083,0.22370813176691104,-0.022224845667363085,0.008940906183553365,0.006734448805674698,-0.03346973569287267,0.017830806947801058
92,0.07871804103833994,0.0850614062394629,-0.05562239476751494,0.008753663746298232,0.022177448798426036,-0.05038797683691507,-0.042385948237487404,0.0954089737590237,0.11116724195049159,0.027919160956676015,-0.06112664367138123,0.06324860566738992,0.018206515321174826,0.1165353168122104,0.07922497881244478,0.08279796899133347,0.015994052558436278,0.038105379347997126,0.0049926352612390534,0.14726034281126996,0.059908899754923625,0.0761832255874156,-0.0068142005502795176,-0.08323098696256054,-0.05287596159585184,0.13276041464757873
93,0.08415668181540881,0.014030899392168044,-0.0311897676147167,-0.003067337922700604,-0.016160258579274632,0.06197960994552985,-0.08849459078251794,0.038974245073817304,0.08500517777152432,-0.01698148086584624,-0.05139665417391737,-0.022901659598337915,0.005900341681782199,0.04722698160040868,-0.060573019901805115,0.03214838871623386,0.07377577412230318,0.0371870117289312,0.042822881754056775,0.012297363993427513,-0.026854122534790505,0.04774337757515956,0.013501164222819847,-0.024420010795564977,0.09320945458527163,0.036267492570037974
94,-0.01229865651084494,0.11341369963435842,-0.013257304332857156,0.06171543032099075,-0.07791477660783515,0.03558037064745526,0.05080025840842586,0.12845924896675834,0.08086496855218565,0.0607711850400947,-0.0029677651431679703,-0.07308056055768551,0.028659436275460026,-0.0763212046627773,-0.09561124777184539,0.05661738512873188,0.0728085936265106,0.08788971918601107,0.07869853261734121,-0.04239555126552077,0.1419390703247267,0.06255611291406386,0.026470613244509517,0.048324187232356396,-0.02162671463354097,0.027047276215352502
95,0.06405984486152144,0.08157969020098983,0.1359748826950621,0.040496712381296,-0.02937849493972272,0.03441804227949027,-0.014484761200101079,0.026144671255292885,0.09179609149449368,0.0850892509504375,0.02963707640540375,0.02044945018509292,0.03667675471524179,0.06994952133372016,0.06730169214421677,0.11111855690039485,0.01320587764770546,-0.0276834858495284,0.04677385036962408,0.04831670946090407,0.09150959441728708,0.047622310859919435,0.05062697179750277,-0.020788525232388312,0.005882449503198939,0.13477615141152155
96,-0.026142726857934877,0.08621188304890968,0.09766604879714985,-0.05344919815455808,-0.016616999348821066,-0.009359644004486245,0.09549864203917847,-0.012332196510791371,0.05325810413529819,-0.04477590736699696,0.1143859864578966,0.04615698888833536,0.1573475866988116,-0.031656240569970205,0.04628671815847744,0.060880718821136215,0.06824919016862237,0.03464366894220746,0.0825846191990891,0.030514977369412666,0.022633505017210363,0.01732224145992913,-0.04275649757909108,0.057265672509999976,-0.019027098802692044,0.12386395353346018
97,0.07446063297876958,0.06486615149437532,0.01817703257904535,-0.016225468478226774,-0.013854345910671547,-0.022390415767988503,-0.02074794535586642,-0.030312534056632222,-0.015190919480882248,0.07209926283720686,0.08894980086818532,0.06817472706249557,-0.00495087948325538,-0.015007151235005994,0.04214972067538869,0.09623786271256018,0.06571579802631707,0.06351659346342142,0.06319207574233356,0.05189361215719005,-0.037053986620795544,-0.08973925534038989,-0.046646551035690466,-0.01332660227086189,0.02732399459815934,-0.03979710542182504
98,0.08745401853307262,0.10191132987080675,0.04213777604902709,0.04581546592591845,0.018181514729265897,0.037522553847208984,0.0316361864186959,0.1154769686036743,0.07718402806519664,0.05732720984568995,0.1240767463034389,-0.036711468272505564,0.08467567367680638,0.08202092067537146,0.012270828896911112,0.031950967604895,0.005787731503192525,-0.0034064351750093067,0.03648977740223529,0.06891596589077936,0.040141473272499895,0.07344017177644054,0.08210651586542785,0.04960593317302223,0.06759311406419444,0.08927725296591342
99,0.14831609129837045,0.08122043032490973,0.025564787919149255,0.08052093286411328,-0.00022516160647488093,-0.005706237832549421,-0.0038954706850132803,0.15066684583526432,0.16623310769020325,0.011676711220833653,0.05523708457465032,0.05516494714599829,0.09853296379036237,-0.014320855880219807,0.010123968699545682,0.039211091367463445,0.04608698995825781,0.013630503499740043,-0.03683773615763016,0.05343328547638219,0.05399307706767872,-0.019623577592682462,0.035928227982756855,-0.0034730323743726865,0.06429180722313561,0.05715325814243797
100,0.04695147297425861,0.09857962435633456,0.041759692261938916,0.0336661006861799,-0.001278098437454485,-0.04626225360576023,-0.04462940513272673,0.05393330635472247,0.08249870756442991,-0.04473901468446945,0.08944173702279408,-0.07069878340384846,0.08409337820497724,-0.01464598759302079,0.04349819503419322,0.12353300925443389,0.015626233448252515,0.04748429887111966,0.028438209871608923,0.024122424432246103,0.006682009722301116,-0.023857106323082983,-0.02731408926112855,0.011364134116580882,0.09601338681429011,0.04801354590110098
101,0.03633696790224602,0.043753309182583855,0.03940741321294491,0.0352749402415922,0.15000653728829974,-0.017391714103905647,-0.041330607858556745,-0.10467254107018868,0.060075766782423025,0.03368540959993841,0.14661324650494093,0.11232506041071054,0.056614768118171156,0.02762445661482001,0.05293055075508357,0.03091887195402247,0.027753092144012413,0.07394959772902643,0.03100904281823702,-0.03041957714638503,0.07861824491820223,-0.014133875573071794,0.06372432184987352,-0.005109309065818006,-0.09535465194558623,0.04406523875332271
102,0.03219224672741474,0.05298790058042593,-0.037200071199042596,0.022462860940582717,0.11032637483747175,-0.04595369782604897,0.05012421099805201,0.048740748862738326,0.06813044612610127,0.005418807115997348,-0.01545785911713804,0.05297260006208284,-0.021653254595404126,0.10248752954779117,0.10394247622199732,0.05851693490782665,0.05500921919847054,0.05855312232514013,0.08330523499656724,0.023824963382397923,-0.04149633058432719,0.11403682156923356,0.09127531771249132,-0.011475263754591106,0.007194354765101348,0.06407288145441221
103,0.049192521610373054,-0.016604159456196033,0.056809815298106726,0.017402265768546532,0.022692755986725693,-0.05726851423324081,0.13107366737386125,0.05940999546965823,0.006747733246264653,0.04110423333201224,0.012629824024980234,-0.05719622700842394,5.737022775516819e-05,0.0693996521083624,0.029484440033301716,0.004419252076661256,0.0018050656770794982,0.033859722056614104,0.06554644689122911,0.09950584252051037,0.04991116332410145,0.0739116338337238,-0.013181600582570377,0.050596269448230514,0.09040745471431609,-0.02309643963098122
104,0.03630982130837993,-0.033431348376398974,0.06307723932322307,0.11870537069087418,0.07604708364181133,0.013756645635593756,-0.02632045227117876,0.011199029104738115,-0.017809255055292093,0.17312183964206768,0.15097005513871778,-0.08517462842120904,0.08624510616138197,0.04333723177294291,0.014383097802219635,-0.061066485447687814,0.08206975943205197,0.10845160250835946,-0.06119616687857388,0.08384371468480945,0.10565677325467543,0.046837083564080506,0.09978582577847372,0.05901625120362919,-0.012930129859055783,-0.009601568693892948
105,0.011653785554119406,0.054298946942611837,0.026551425175437293,0.03886608035001114,0.00554588281183277,0.032012099422950205,0.05073110029007901,0.021182113113224876,-0.0015115055025974322,0.018832834047145273,0.0604837384293346,-0.06425095228767502,0.08889711793955117,0.06278537974350534,0.13529932306082088,0.06304057454361246,0.09888169247235257,0.052374920083417764,0.0059930886745783365,0.09809506549877246,0.08935216507642911,0.016107165283237263,-0.02542447900264296,-0.021515595080062806,-0.06606302741501528,0.01917054395211709
106,0.004382915306805624,0.053908766494163075,0.13652150641250657,0.02127259402019734,0.04059330162136322,0.06333977721032046,0.0405735576100151,0.030283400120326636,0.020351469570029646,0.20414525871379288,0.037383366962646825,0.015315659386457552,-0.035685364200006474,0.05361191977701146,0.008769304683136433,0.07510042056340331,0.07094168650065903,-0.04930332907330901,0.07734877823334786,0.02156286067920617,-0.05968705238273949,0.07659057471253551,-0.04971273558269166,0.0817433004392691,-0.007840347084557997,0.05364255969008878
107,0.03109865677926512,0.1070413901066154,0.0010159362257465459,0.04539699634574399,0.05955712310142606,0.04669928239436447,0.07659490099455178,0.10609962731486518,0.08499945714748695,0.1040180870912688,0.12262508614015809,0.05848037846462156,0.04195621697606509,-0.06439140561462971,-0.0033616056144587887,0.07502917865598936,0.01856258488548788,-0.016374071690569442,0.023006157788258152,0.020404726954435314,0.04460496510952459,0.003213087538586642,0.13506586728680525,-0.014623825545400168,-0.010384046238332814,0.08014959035226908
108,0.05451612454554291,0.11512413967601975,0.10671440831807066,-0.035381211083809726,0.02452914980105575,0.03931217014713445,-0.045784721568151165,0.014935052544190771,0.0685864489890557,0.0896950003283644,-0.021084482813297556,-0.02526951115151334,0.05292236894970426,-0.029024408567765964,0.1130158316566986,0.03503425004770324,0.04925990511695529,0.04945243428863403,0.02069972791938039,0.06936578452456638,0.12640054511606666,0.04427240075851028,0.057841009191934946,0.030614117839146394,0.004277838272766232,-0.061840130940683934
109,0.08513890508479945,0.15419440384811764,0.0557843391987806,-0.021556731411385737,0.03711620744085505,0.07006469070254186,0.05274923883226083,0.14653229957660593,0.10432433920450455,0.028350590869041088,0.050886179825659184,-0.0003273611116207751,0.0978851693927116,0.03595343439205565,-0.007135281761185608,0.05326676830517404,0.045343020674186184,0.10321267375361572,0.05453668957110915,0.020667156566360756,0.007035452612049594,-0.015790902736304402,-0.007513709380326805,-0.08025361364972654,0.02557941444902208,0.1498838791458751
110,0.12659989315029882,0.00827608700628113,-0.06850250812929119,0.055008794688981476,0.035542337164156015,-0.022363490942823177,0.09782207272627695,0.1004693397893537,0.06810830257988072,0.08209645293320546,0.02323357521752909,0.027502950613335853,0.06080022007526246,-0.01909162412730736,0.10942414935299942,0.11134770208815646,0.06424429304313674,0.13565937919774232,0.07389529971145621,0.019888679090867854,0.13919700304704694,0.05320702351814808,0.012760639107325463,-0.11033026602845009,0.07682744606798053,0.08733757457678469
111,0.07357456329157251,0.07638796750480896,0.050539935414387026,0.10191425055231401,0.10712267749430042,0.054879386681159714,0.046027252320273604,0.17710753602608534,0.031482260172336206,0.034361106764074924,0.04589812683703095,-0.004689245943389597,0.11703481977476805,0.10524315546547218,0.14794289889970802,0.11713690714797598,0.11699562698797829,0.029219646224211693,0.09533004270384537,0.060437752305702454,0.0942041101900034,-0.0659855812787708,-0.0039045209348072723,0.014660019847255642,-0.029309468810054584,0.006419156086411082
112,0.06480447696771663,0.0638210249592205,-0.01037520566017221,0.005808177313775975,0.12368607057766444,0.05699951557091718,-0.10382568215340145,0.09143123389081449,-0.06877479559619305,0.06485525115976538,0.013132905932350575,0.027636352901913817,0.08198122470665548,0.031146252085862785,-0.043849828121777366,0.020928471306614942,-0.013539560463062946,0.06901321139468113,-0.05810307008344521,0.07598729320843528,-0.03431413536238087,0.02046670897010207,-0.007554476051531811,0.03029410405312268,0.02196278120973612,0.09761499929435448
113,0.04827800164320687,0.11647436576540249,0.0984415787041828,0.007108408251853289,0.046337798754964354,-0.03821435600834644,0.021909083758218074,0.034522872356722946,0.016317328193404534,0.01902697138594206,-0.008795622159691227,-0.05780897984833785,-0.011958547440760489,0.0019971703278445965,0.04935845051977319,0.08490536397110739,-0.01022790798866317,0.05713525056914739,0.047866224797977086,0.07083014783888024,0.05817038541625552,0.014460687885241111,0.038093874171533204,0.03621593238886025,-0.06729867342047702,0.11116635963052056
114,-0.0410013646742432,0.17667108666981898,0.07930354913973735,-0.004864664729359461,0.09432910850665638,0.01670751460351642,-0.052650531535248235,0.06225046870982687,0.15015054757743554,0.13451560909644467,0.024309947702034207,0.11745745431700688,0.055944690581490875,0.012902183151753437,0.049486231507234246,0.10028226459043131,-0.046616161318172755,0.0891265428135677,-0.07172193873296324,0.08489456747878739,0.1154863904954928,0.030807801422935564,-0.004271949509197441,0.077573700247464,-0.04254578321095311,0.09893041072441389
115,0.14917975609703385,0.09582249971971711,0.05206477164084836,0.0945452383447295,0.07082013739128094,0.013696643965532421,0.08087295426151025,0.0781202821674628,0.0609747895208422,-0.06309771760057377,0.07560097268303217,0.08191626729658892,0.1671463942801609,0.06547058235018545,0.047145363136801136,0.07478684444579863,0.047192801309280684,0.049523642083636264,0.13206890864343504,0.040499176277460726,0.07475936630248692,-0.013471360029595147,0.004035541422955258,0.04480743232553366,-0.009500759067145426,0.06636389686969048
116,-0.004432616959371675,0.010482831969932938,-0.08088249552062375,0.04561016558992657,0.013531594506954903,-0.024784451603485358,-0.049474041334585515,0.058743142266408,0.01022133875180505,-0.0199782617599019,0.1030947385483199,0.002650735076378438,-0.018990470066760173,0.07463693333614146,0.14139038227771664,0.04099451831031348,0.07642343711227838,0.02004313871478149,-0.010363029438626862,0.12248236259453994,0.02964669072546559,0.09903732560542526,0.09937859469490018,0.051859164030396795,-0.007878194318845658,0.07271536489596042
117,0.06681019451258037,-0.017467837434352502,0.06260786575043076,0.12133991282798888,-0.0280075460766524,-0.008369701169879451,0.17446405667515494,0.05147225118653124,0.013377083413144437,0.06996638078383627,0.049722516320540255,-0.02656929205452078,0.055945269917105356,0.010609766042389501,0.030882466759653983,0.06269722316214925,0.05636849765729174,0.07079135323747915,0.04866023199462233,0.06364003399811095,0.11210088396694769,0.09003341402128935,-0.049906917297649254,0.05088584407787633,0.03580371413759498,0.052147488540371344
118,0.018733772285356443,0.005532374216595507,-0.02897029898416899,0.02715247774095488,-0.059979436890660986,-0.022991809695559234,0.0021517270390853382,0.017662086952601387,0.07374596681181655,-0.04325693490830307,0.07386269708695226,0.03361466859886945,0.04170923428197054,0.08363589791567343,0.017146763135457616,0.07473861003574551,-0.0027624594399005,0.009698812717587676,0.13203668516400344,0.1190665476674453,0.04683780144132989,-0.0308335486710228,0.1304229336305192,-0.04482501854016988,0.07851625280964629,0.009426837866858254
119,0.10330873455014905,0.04405132192009161,0.09064597079346232,-0.05170966054533669,-0.011803735019631223,0.030536277590233973,0.11193592319249046,-0.06826576732689672,-0.03322197000828501,0.07366664019702458,0.00490600833660193,-0.0045194971660089305,0.05933746724598835,0.03172315480124014,0.026979117350924287,0.05834403234645311,-0.019357347073177766,-0.04176483209779739,0.12524494683609524,0.06710173613901176,0.11556853700370073,-0.06630057882353796,0.08641968476500816,0.028296751648396977,-0.062026513597320754,0.020781957341331852
120,0.05517807414125873,0.015248006460518734,0.04184753741876931,0.001925352479046202,-0.01979788659315377,0.02123393733118615,-0.059704951536727724,0.049411575830273634,-0.0054587635792443705,0.03686395345167148,0.011319193954344813,-0.09752668636418939,0.06533910408187225,0.04948912496725353,0.013707809950518717,0.024616891025819765,0.128856196974357,0.032132894581116324,-0.016396260104071286,0.11574364119140103,0.07732844938231083,0.12170659502625152,0.054092089874485695,0.05265438082413467,-0.07525622036367292,-0.1593208538554259
121,0.0632969565107925,0.029472794773363918,0.045022687412741326,0.059006034116192874,0.06505900159831741,0.025835402015969677,-0.06923938919684385,-0.005715933292530062,0.015448138856635873,0.029821858556314102,0.08946347582458118,-0.05509322817087684,0.028678022582034463,0.06423298688745278,0.06350885069133565,0.10680453926595174,0.023276018905669327,-0.03390444410189295,0.009490065257043028,0.07446740219560881,0.03373129448108527,0.0694182568360276,0.08910175432233301,0.08351140384706296,-0.016655398888049493,0.023448745411645915
122,0.004783785205116649,0.051155328437421356,0.009772727905599632,-0.09298745911496777,0.049563163417436794,-0.01707029417407065,0.10427902680224166,0.09664829032537703,-0.002624658932110502,0.030712892253058472,0.0176897718918832,0.05492643197992736,0.1021718549106045,0.02631395165592587,0.0426349459380246,-0.022816869569648995,0.04297621332170959,0.096364323910226,0.04116498299275915,0.025944154048314755,0.020539649921777554,0.06356946635923001,0.05964601276642199,0.046037437353793564,0.06125527531283239,0.09858688332268417
123,0.017770692337821154,0.0071598141201684356,0.016601353836807758,-0.04633517308313669,0.04589780030749818,-0.04177141214427917,-0.033183756128988585,0.028933358654632462,-0.048572828802557165,0.06139916496261259,-0.029282703698919554,-0.04773749302643756,0.013146320632945427,0.04027305490115605,0.033048829608086396,0.04565457560482596,0.11985729466914347,0.06711212684152434,0.07201269376376422,0.05329213296629265,0.0756844505337038,0.15712881225094197,0.05225521690740457,-0.0022969466517350585,-0.013444622051687227,0.04376021066287831
124,0.050077500580070024,0.07984974429387426,-0.002710936419731802,0.025190066553771408,0.0674183499529661,0.014973416856555363,0.09143344768157809,0.19183758090426792,0.04760639756079895,0.0032214591714439522,0.10626305380514785,-0.0353991764873243,-0.07096947138180738,0.004502652039301003,-0.019787088499005828,-0.029480743579934115,0.010234886306504746,0.016397055602468385,0.04422093981725087,0.10738693258278155,0.012485873829581292,-0.05038224879154037,-0.022212699634520976,0.05983564253064342,0.08796710122813074,-0.060683575726834194
125,0.026242378823178408,-0.029512060262646134,0.06111372953012192,0.08732888259263176,-0.020645475367654355,-0.06468900938900742,0.0619325082597844,0.07550241100983672,0.07567991647876082,-0.11203159455459089,0.009677183296593672,-0.009883703817812653,0.02503051714270475,0.016206984313166993,0.07962943025708084,-0.06087452274176508,0.10345911580255672,0.058476456616519824,0.10251183035188005,0.016176446567678266,-0.007231434271799619,0.048314371178889114,0.035614142695644446,0.024738563455042273,0.0036935524768869077,-0.025071515063858334
126,0.04447294727282255,0.02972052307641332,0.07809388110414489,0.03165611793011869,0.07431827612591002,0.06181431847656512,-0.06499039358989193,0.07109190147477835,0.1463216603116905,0.08045512696455315,-0.04062002634685421,0.05722673122827334,-0.011285824159400215,0.035345558443636405,0.0030001463165179043,0.035013712884399584,-0.03413569542427116,-0.020200039627361888,0.05145361139024329,0.052111425257580425,0.07430185869488547,0.09007340251841306,-0.038762724886708046,-0.06447908003894952,0.09387801065040856,-0.10272527216779197
127,-0.024817189379455706,0.14355935931749733,0.047448366560355226,0.015088727914367847,0.017956097981253805,0.12334134141764645,0.07252063655816525,0.052606143316804445,0.005277150012380808,0.04038224382740513,0.07160266219405513,0.04837945888134013,0.05340673600364171,0.03721551990783434,0.027065183757595923,-0.02872613120272129,0.053165980475460894,0.10594517929034995,0.1407695647962906,0.11625138561610533,0.040598800398606305,0.016214595433037195,-0.18557450687836316,0.08546612219473644,0.017965113407549915,0.002057597828399723
128,0.16609679585896367,0.09253530910802389,0.10150233740250374,-0.06642645486927591,0.07654290646345428,0.03468544436842036,0.013902310934434966,0.051852136050770915,0.12383378663521309,0.027428041403265324,0.07853451729067917,0.13412897543451785,0.08194658684915873,0.03194165826813037,0.1256431531422375,0.02181180318806451,0.025244835493882456,0.1396330026560845,0.11930069241420999,0.0657085044645262,0.03388572272453433,-0.007304084273565492,-0.019203762724975443,-0.03050849161110658,0.008088486347802052,-0.09354973629500503
129,0.009418957076284928,0.06855356785533077,0.07793357283041236,0.025406881643641653,0.022185756530700134,0.09096834610681061,-0.005005051809593283,0.011764495037423162,0.04090684779696561,0.026210260576775373,0.04774938192014403,0.020778494984879842,0.007440477415490106,0.05183518704330623,0.12872601474639572,0.12569000329382127,-0.002512047390718272,-0.010794861661361732,-0.05835277580997659,-0.006982134451195979,0.12896125912075762,0.02477872738310205,0.11959717783992163,-0.008992658605831927,0.03483800195504916,0.08871671154668764
130,0.010650260600756783,0.09564847058798119,0.08657354226927085,0.03463795806223352,0.08647424777279626,0.007124659104559172,0.09249231852347607,0.1725040096672852,-0.06151840547418739,0.10325220538456596,0.006435967185666043,-0.02131636051264006,0.0217023121423718,0.04697051113599077,0.08663320156961263,0.03776666442979119,-0.0261805776428549,0.09656285137412361,0.08027583685103523,0.1380841185592322,0.07179908128317629,0.15571767237157924,0.009834265112545445,0.022031000474281248,0.045738773794360955,-0.08445325487266496
131,0.07351644339027341,0.1286049286395348,0.07066872429418465,0.07042807584102166,-0.019400470577728163,0.05993079960011294,0.06529038669320957,0.04174762415993324,0.03179837713224789,-0.029964903294575424,0.06260038874878071,0.0012475472113666064,0.027482313006406335,0.052019037328972194,0.01917057449064491,0.14197624779742687,0.03135741689583399,0.06993350757213346,0.040840246988885255,0.1870902704532856,0.01936110082111462,-0.05062249723400878,0.09249343181681006,-0.028594652163307494,0.024416982824036405,0.041468984827395916
132,0.08546268384708895,0.042836998617763244,-0.04881778927142746,0.06896389107055896,-0.0025742223402243827,-0.0462374159492898,0.09753730298768715,0.11132711579776434,-0.04340390426969154,0.06979778998343361,0.1041129380712058,-0.10733307450484379,0.07233296481215357,0.018420214754461244,-0.03892977035734687,0.10885895619289598,-0.028119704387157645,0.030689455036302417,0.08845755071154933,0.17459373540277465,0.11962212866379933,0.1004410443364379,0.0557119657957675,0.07000160892082445,0.0998237774285563,0.005334802661055496
133,-0.03014374723164585,0.01716361368917385,-0.006594529131783415,0.01639548845923015,0.06736498051571006,-0.04434761338345461,0.04819794514861536,0.06448735738702382,0.04904124360035289,0.09526634670518126,0.06521913590993374,0.0069324902399923545,0.16297219662051077,0.09609959514869619,-0.02792731020341112,0.06771333372245315,0.06072496809100453,0.02984003310994071,-0.003385705294562391,0.12530332143193304,0.08107853126698335,-0.01286212259041708,-0.036374405343442516,0.044466138590742776,0.025089840783893185,0.0054205052555788375
134,0.06928487468445815,0.019911295065027812,-0.01714734027463612,0.037148015092028475,0.09353316939659972,0.07370408840311059,0.023692453992253393,0.04311628867253059,-0.0512001080372671,0.07034272680050623,0.04489594813249861,0.011622048824134406,0.16556201633330545,0.039486691584483403,0.04468631545306938,0.1076593657808876,0.05299308529341721,-0.04290545282220334,0.09778896803269703,0.014367626185760485,0.08993562058161116,-0.1303360689143725,-0.028467563981827055,0.036765786790007506,-0.01009178491446124,-0.024354463824455386
135,0.0441128056880859,0.06581220113463375,0.14203212290153847,-0.05907890942688998,0.11221542826622642,-0.0070983620901756694,0.05748360847555058,0.04727055751035878,0.013930416032015797,0.047664113767891224,0.03849710134110429,0.08221653111911464,0.03162936130113793,-0.04539122032243664,0.005488814681302874,0.08807044930837397,0.005335841963082491,0.12396116237280776,0.11383760023282502,0.06218648778227923,-0.027894177700259905,0.029173689688215765,-0.060002219576730055,-0.012752506596120334,-0.045819646847599683,-0.02850209119926326
136,0.04581711001476424,0.0020193818155029852,-0.013467238209752375,-0.021920298452942227,-0.08278464748092063,0.05144383622421578,0.08121875387960863,-0.101396824944383,-0.028613439991706124,-0.014973158232763222,0.1596965641250065,0.033989744188051695,0.022310069097641404,0.029260508224512094,0.017766648718720114,0.08902325682875546,0.12251518121124162,0.05879784520474487,0.07125158244073265,0.1367568715669293,0.03590327581359574,0.07006599276192749,-0.01696369014196475,0.0744634106254689,0.05506489002004008,-0.009518824747584162
137,0.060439546615615014,0.07650316265456869,-0.10025353236085138,-0.0036996816405567845,0.10897244736022149,0.03390254357201039,-0.06032442289789164,-0.056569913970060615,0.021447973023537587,-0.04191025106246449,0.05000865959811063,0.01415808923093211,0.15870241067661725,0.03813172675392026,-0.016554937562845356,0.13391092239134839,0.05324206854018665,0.020569418077562962,-0.05407121406185469,0.07140538679356072,0.12472954126949198,0.028394815044813816,0.13038765707554764,0.09190153151679936,0.10668968573124342,0.03425426212152231
138,0.020898540728210974,0.1539636035788682,0.08292898691711766,0.008072135240549005,-0.06303749879002085,-0.05471405317509034,-0.014864039391675354,0.014756859117393311,-0.04865471686780681,-0.05776197492037608,0.04233142463089747,0.003556489919341229,0.034255547334244275,0.05845980963200655,0.006720533951747654,0.03411450444155332,0.023085867765757422,-0.022488261581930957,-0.08159955524387115,0.05286728587013615,-0.04902358167140014,0.10196822597703341,0.07017032462135027,0.06171638931651372,0.0029550785276223727,-0.013530719872237676
139,0.05803941732450546,0.0021117025864694217,-0.043709392400271184,0.0509141951412429,0.13968927798788403,0.03858020137441862,0.0023040532359444406,-0.05303082146397694,0.047727802236961235,0.003717861083423054,-0.054654179780879754,-0.04070914174611597,0.0892913828942068,0.06792626759256137,0.05614092031459724,0.05282230712996021,0.0876059459811756,-0.05400861909498663,0.0763583267504026,0.15778538578676474,0.0744768697958172,0.15696072458107269,0.0075393809542286805,0.06076635630621256,0.02321439316014573,-0.07841275604307774
140,0.011268821035484395,0.04788931654472347,0.10159681532060112,-0.001573919846796834,-0.09119759601893224,0.01534951887603723,0.08339323610137672,0.0016973980386070973,0.01905055732583333,0.03710977465880616,-0.026848897320908376,0.017234022832067725,0.09097899766799868,-0.05730061767491138,0.0283747996016984,-0.035525997708342805,-0.02792747354621768,0.1079455963170129,0.03420287310030754,0.04687003296123795,0.07115024083518456,0.04574591222024421,-0.0934564425009347,-0.04755420849977249,0.04916587816394576,0.0342426525268044
141,-0.011174039748915102,0.08256505303259858,0.13951036397278413,0.082930022992855,0.07328120878304197,0.050766562613867874,0.08500434785935745,0.10494375566114465,0.05960276608299734,-0.06784555070467098,0.02589146954134632,0.06906723782786395,-0.007308792629304802,0.03917185421002817,0.13768574305751863,0.12132738824364568,0.0726499610028321,0.08763161733414089,0.08336155120822852,0.03876481937441841,0.06451515738742952,0.005419406018258244,0.04750225181606954,-0.03549626258995111,-0.038023530798820905,0.03882922642040635
142,-0.005108599234918539,0.09640312434091969,0.06794058391885392,0.051778708847190255,0.11484650627514754,0.01310125902876989,0.004278867826437401,0.09543499175491314,0.009170658895255498,0.021304174968641565,0.06419923905572789,0.009388846753978497,0.06465058086592218,0.007454853531363048,0.11725418977202871,0.05083402049828204,0.052041385163676956,0.07372804018535872,0.03962414749773683,0.09232327278298737,0.09567284783205106,0.030251600793461432,0.010092241636337115,-0.018330822802580138,0.0036126759406969935,-0.01643596816802047
143,0.01150268267092791,0.04744016396578438,0.026497284211175698,0.032176799605850334,0.15879813161307785,0.022606137240177553,-0.07270373166462729,0.06933436870553868,0.07969402636773303,0.04876649617690383,-0.03805605031203831,-0.06553178695224109,0.08072151281692648,0.04984378984868919,0.014804543621629937,0.014396086546959785,0.06757777377548245,-0.010205610786904035,0.09398691723412067,-0.011384732971028896,-0.028290667100383377,-0.024509399733003978,0.08298861272977065,0.08211167402796431,-0.007867905688936989,0.009785155156198192
144,0.09064572605949561,0.12846487276137575,0.066778192761551,0.049384922551842125,0.10375426941794785,-0.031315318198813,0.05749861210454724,0.059031956833792684,0.05881975567673688,-0.013662744424350448,0.010729965816106598,-0.09894631998806946,0.09163525276361047,0.037567486382206916,-0.04438107026434759,0.01219558726147348,0.10768215323178915,0.0663548524582383,0.08478488526724766,0.1381496089832512,-0.014739679097476477,0.009498140036300414,-0.0064571565472140895,0.00871726530811314,0.09841144763133414,0.1128183081508452
145,-0.023753202007965178,0.08902473578157215,0.051939948558244686,0.020374308845957367,0.00862894114534126,0.06551950032197684,0.04066133069313571,0.043432959395286776,0.06826764174997772,0.07470976123061561,0.16186998493933477,0.005120356184058854,0.01398881485035815,0.07440721775432484,0.07132702763370964,0.11232393177772859,0.09945124253421268,0.013985120307062893,0.062164057769105927,0.09265489321583953,-0.029480340646759307,0.07193997425474773,0.07409428186568366,-0.03798304593552223,0.08791257373815485,0.05053241444404758
146,-0.007893205716611118,0.02548379611607051,0.09750301152930578,0.047951572490656624,0.028023036375204573,0.1478178677415026,0.037228196516849686,-0.013407606585638812,0.04291459419928978,0.14591854935965823,0.001099798613046191,0.0015968849575646593,0.06540446542902319,0.07755621249847133,-0.005249093262350106,0.118893427068362,0.11622590142784528,0.06097694122731394,0.13311986791447794,0.03899723877157241,0.07274530019480403,0.09298660330775786,-0.06158335709368871,0.06594040239015529,0.07766519153938023,0.05809583183679027
147,0.08994958980348233,0.1403535096164125,0.08388228791094887,-0.012803485940545922,-0.0005270919922307029,0.03384565571638639,0.08326238000059945,-0.0012880885343753423,0.01983513820160343,-0.018244735409120156,0.0815456810141499,0.02887266263087688,0.025287934795094575,0.1352638341457801,0.03967919296667353,0.0896550836826604,0.0854866648898064,0.07523120847843322,0.039747575485066355,0.09425387054783253,0.10649757319004331,-0.03656147800646492,0.033129937043826184,-0.04375674997342518,0.10872620348546246,0.019157319952473866
148,0.0326501988528106,0.0371816220665744,0.12308834091917559,0.015586809778388205,0.006853873790969023,0.021797488193926812,0.03828251621866766,0.03200511309945533,0.04187641340506186,0.05655396127989824,0.02125025248360894,0.01612604480995115,0.13438235340913504,0.005563824203238513,0.07023695790852134,0.06668373903049048,-0.04828163750865181,-0.02049252019109286,0.12293361527998507,0.10605931668442277,0.06516112520341599,0.01589721151194129,0.030051005892972237,0.04275205093619352,-0.01568046380642892,-0.026950517866075108
149,0.08148794497735219,0.04559422867640187,0.00828231442886864,0.023334563851647488,0.015138982745927307,-0.024250996890976984,0.03195470167631598,0.08581140144274223,0.06882312358728848,0.02636486606477532,-0.02458099871515179,0.025711163575239893,0.10458562806227208,0.05446898284770089,-0.03933697775770099,0.0024724768283062946,0.06565597439353536,0.1504990104455123,0.07971745368174016,0.13695922900885182,0.15438821618088902,0.02818388996141965,0.027703618081976057,-0.005990417773337864,0.026273501120457565,0.01949284847267226
150,0.04584876164349091,0.012006314243033703,0.06980738925254548,0.04166055680558445,0.11233457592386857,0.07187110722956307,-0.04558689651047915,0.08709247304461233,0.024610897932399105,0.05543219528487303,0.04319782490237606,-0.048298339809509205,0.031242517606566676,0.08612534961125186,0.07151129522904802,0.04411516422899042,0.04151682247344385,0.02250947016948953,-0.1486591623105552,0.08471608115762659,0.07954035158717333,0.1438567128045141,-0.059173250951725986,-0.10099852098595408,0.017403349473510115,0.001184916729948934
151,0.07997927939469508,0.13757165380890876,0.023701479191843972,-0.1634696217385147,0.033576537855411114,-0.03230747711550432,0.017783672472533447,0.09346288629536693,0.06124506946288505,0.025926555984691402,0.04025198474718147,0.0600001935059473,-0.0016756132984616463,-0.1020431659326041,0.1244166694824431,-0.02308359015591438,0.019682640380597215,0.10317457543961617,0.1102011064713961,0.038001683822390275,0.17524356997841264,0.07022323211467156,0.047813508775996806,0.02502722604174029,0.03681079419669414,-0.0920081629361472
152,0.0001681257645893921,0.02871685798635994,0.009391061812683807,0.07295379037626672,0.024786689283727348,0.023123600429049724,0.026856355020240495,0.012993860509685004,0.045042897085502666,0.07850386776374037,0.04134733861417744,-0.046683425558002534,0.06573535947657573,0.044077084768824916,0.09311695204359625,0.03931055117763423,0.07894273576846349,-0.005084713994548981,0.04428645121057608,0.07422701023411087,0.030910749073338427,0.0206558509786105,-0.06167433309481585,0.09568719993173376,-0.007743390941339393,-0.036795513391292355
153,-0.008803954134235495,-0.01560562582577707,0.10821505704054463,0.011982833179459178,0.023338206460569833,-0.06610776458793527,-0.10718502992941426,-0.0043427142106337024,-0.054670134502154,0.1011000778735548,0.07706439881472278,0.038507992112218246,0.06990414318492726,0.058325152207267826,0.05772512876036965,0.04213353704588709,0.050755354681835785,0.0706080598488233,0.05427377835530327,0.05530655728005166,-0.046038185521668086,0.11172042100121288,-0.08525118769647573,0.03771127702139273,-0.05259946933865989,0.05671863909987664
154,0.055015764035271975,0.07198548153689195,-0.07256530872710133,-0.02871269941114516,-0.02505230554385775,0.05159659516219454,0.022517730928322877,0.13295629253863114,0.003477007994345546,-0.0492306576896413,0.0272542968741523,-0.03843487428443051,0.09615507205498765,0.037767717358091,-0.05330842557192519,0.011122213220739474,0.09365388915497282,0.11665283912250256,0.06315398546991047,0.05706873204909748,-0.0001805820428892515,0.09695161590027146,0.08834636752224917,0.06901451636494792,0.019368331944264756,0.0018556132437264061
155,0.07073318586962647,0.07345122769100698,0.05454123102151187,-0.008617339706607847,0.049703468390746054,0.028329799247536147,-0.018743242881486117,-0.02692789602300738,0.05736218400750944,0.07221487818556177,0.03253133610003408,-0.018922804631872348,0.0013537126282489043,0.11047548836457939,-0.02212763727877126,0.06252143948823992,-0.0033439391048112332,0.07586120409744722,-0.07482265948916687,0.07015386926732099,0.10294093008448939,-0.0540831816034163,0.055317388877840754,0.07143921200780519,0.1800051116417705,0.03237410431908011
156,0.09945013910327276,-0.005704177732073101,0.03595910401649938,0.029041634282703604,0.060940268935844456,0.028515007561501566,-0.020557844902713524,-0.06214902218994082,0.025157802143077557,-0.02764937736129865,0.031039852025118997,0.07170245990500025,0.10534678321785713,0.0918328952926512,0.09581521609975589,0.10403588814547132,-0.014457628362452382,0.07938017705537709,0.10297046611656134,-0.0701488610558161,0.06031627307062115,0.02940342057177379,0.1113106176790008,0.1009923404293559,-0.08424786897756455,0.01627436122340085
157,0.0014224379939217768,0.03984911279386616,-0.03913094488511907,0.014157721362777301,0.0013679849838217906,0.05217392451541214,-0.01653486580093379,0.053566176502103394,0.1412575686255073,0.006174134044659682,0.03675185166756597,-0.010896769194629804,0.08046943314041283,0.01754406119681264,0.0416585414380238,0.11089095912151938,0.038367878968755244,-0.007350494693574998,0.024749597511676956,0.0818195179136657,0.11998999227940793,0.042765737026706684,-0.03590948034350905,0.11759613780181681,0.06911605055567398,0.00623288471967102
158,0.15736599690344813,0.11738691994283733,0.14488677410542536,0.09757646318620151,0.0934057330569154,-0.04229444779033278,-0.058920132696056206,0.0501680444131389,0.03978191091019545,0.05541635903260692,0.08364022120378589,0.06647667905228284,0.11104645993813378,0.03338025250842386,0.09257393781335105,0.10591202832467583,-0.005753558993739767,0.0892708779860271,0.07896268612216224,0.06836220518528068,0.03838521987873298,0.0546090281131418,0.04060670918280551,0.008282572587941036,0.0023432036277582693,-0.007713806040439475
159,0.04177972051409393,0.022338770451532132,0.06636382981152232,0.05368132907294143,-0.0513793946203441,0.012127978774624792,-0.03697991933076957,0.016455587762286804,-0.060341252040707304,0.04833690718790847,0.00792975025342657,-0.0069359139255531135,0.0750578201873155,0.039791458521782265,0.1383596047217138,-0.026990340281610275,0.03135560199630483,0.07611067824523893,0.03448922373488265,0.031617336729043356,0.08272657484571637,0.01847193145869591,-0.07882955708869739,0.023824277537729754,0.05486469391989066,-0.025261696045825992
160,-0.023798208851650033,0.07968374838125475,0.10974202192438846,-0.13520999993481847,0.11536892559461215,0.07011495706901828,-0.005347063185785465,0.1431902743408282,-0.06260805060831716,0.03891310332272,-0.039372104668306596,0.035791395423296735,-0.0014815250603263754,0.017550675358814216,0.049381143886869316,0.0397184995821635,0.03766757300717227,0.11995266869275552,0.09616529644223853,-0.021945795207441592,0.06574071058449384,0.08431768852698979,0.05425727677063261,-0.04185078631853315,0.08767903954365575,0.007000237280195128
161,0.049959655496451136,0.11329884709374966,0.04658579775851106,0.0477528507115467,0.058975946263354784,0.0024763545716155466,0.09828230766797104,0.06717863714281401,-0.015469944555788095,-0.004956880723053632,-0.00321906036495397,0.018233434133908027,0.09144899518037047,0.04862863864745084,0.03657312524086681,0.155820972749229,0.06763020659088274,0.11050224726519553,0.09659643891101792,0.12021462261585775,-0.04250464821162795,0.07293738891742285,0.003511576490157431,0.06982272374491168,-0.014214226586790463,0.08619328698261534
162,0.06972515274668283,0.05442582097800136,-0.028445848706857436,0.0946564951285191,0.07040724236458729,-0.1389766685717724,0.02457544935172725,0.08481058845911336,0.047808310682608005,0.1341708183465282,0.11947336484032718,0.02474078262288968,0.13143456998419595,0.016482261220587935,0.02867280416371935,-0.013055723537988303,0.09044710630169968,0.05304398821252402,0.11019768684827135,0.06559571562721234,0.056856645437928566,0.06379315254747493,-0.022240374911914385,-0.025169795195874756,0.11668268554274362,0.014013720320179482
163,0.0121277758815454,0.013292798734252154,0.0016151026243189464,0.0308066008413575,-0.04157861353425603,0.017898670115145843,0.12209914475255179,0.13348695148801581,-0.016056290835488502,0.03415263943780802,0.0864529129990908,0.01986187492855,0.04514082564440329,0.03851958558537005,0.006668984673351456,0.10650365772473004,-0.00596292057458736,0.010128565703776665,0.030335334740189235,0.051675504119172655,0.05652195251925348,-0.0706180179077035,0.10262252593983012,0.031118417908498917,0.07902631338822617,0.039316836797128565
164,0.06351917994000639,0.022730243263832273,0.04193965203292024,0.09614402609508697,0.022259394940552808,-0.07329645717781573,0.07932407996145097,0.06746440291129645,0.07422174363628535,-0.005231608935635901,-0.09681805176428826,0.1121792011340123,0.10392023195348128,0.07607274727258066,0.06238390672563636,0.07927960950287498,0.05429880664880506,0.10238663608347491,0.06182325059706454,0.08633179622396069,0.04436663431052965,-0.03435584603095846,0.09146338243027054,-0.04322556039783889,0.14023832218377216,0.08224460820614182
165,0.07133737828355424,0.05546172392507372,0.04428435586090953,-0.028939424182351386,0.03912272462427685,-0.048228427825800314,0.01460932096202964,0.03438339335747572,-0.02587856619711872,0.027927535145066035,0.06795824595649386,0.010814744058776285,0.1425655270505925,0.03160538861238551,0.1139086486138748,-0.031023252579016114,-0.046426718366021226,0.04962514791238176,0.061342514395915426,-0.027236461819185803,0.1171357528705453,0.11300224464439929,0.060757014510345354,0.009082014003119254,0.0331830053042876,0.015268364434889678
166,0.040284450338835355,-0.016706033371061874,0.038936843946978016,0.11694170737424882,0.06370060673942896,-0.04206387605638704,-0.12371398373305383,0.0881292112521914,-0.030491367390530544,0.0956457323920996,-0.028258204879831626,-0.01772368068532021,0.02593997722404351,0.018331345996999666,0.031223649045605244,0.11831760023168286,-0.045964268617493455,0.09226063025856752,0.029844753285828585,0.07918962645552968,0.07032781875276117,0.03517105752728744,-0.08835743670256473,0.06791455800287562,-0.08524866010386872,0.07324375098870144
167,0.12982262443168732,0.04262494338202324,0.10922081320322574,0.01666055618571412,-0.13598181290942718,0.008325112816555383,-0.0174872928500794,0.06894717193418175,-0.012961210150935395,0.10739471627718174,0.09270004082776524,0.06488730928389097,0.14238809819721845,0.0330636068588139,0.0686286863272792,0.0771879947564268,0.10773869941031101,0.05637201621690593,-0.04035498014977671,0.0655086944423051,0.010842782147644595,0.11062771732598597,0.0724799742403644,0.06062711882117037,0.06618346498817584,-0.0721720081329238
168,0.04165001493839483,0.06899652972826796,0.05029649204851135,-0.028009602615191937,-0.042476907839786936,-0.012044970248138664,0.026120516861410724,0.05871539465339846,0.0014703760588093233,0.06370723099596787,0.01889676807668176,-0.03746133809801078,-0.028899130380645805,-0.0062011147380711855,0.13192403407828443,0.03223417721691244,0.008397237670237848,0.0374053110879228,0.016136844095709497,0.03881468635538752,0.08044954175868997,0.022532679594238957,0.03523962531601125,0.046146183710688404,-0.03227729894156175,0.07086904023250236
169,0.0629714812406235,-0.05937398913073525,0.13041565681432285,0.03616962682330451,0.04534514555323823,0.0844413375626859,-0.0741705791595747,0.055476111234764036,0.04172818432157508,0.0030109141395975687,0.031430984237862315,-0.12000625646159992,0.00985549138392113,0.1206940451679517,0.09311346994304819,0.021953933606864668,0.08316477827305852,0.054862605087795516,-0.06524799156751947,0.029977197011129088,0.10524808781603003,-0.03805761467343699,0.07891491345013475,0.058775828581120015,-0.03416982177267974,0.04390420328247054
170,0.08445719916417797,0.09971737462260548,-0.03567582693397405,0.068922554184822,-0.04397254833833349,-0.12450219042117483,-0.03391469555919172,-0.03170949924112924,0.010151449019332551,0.023464384799608995,0.0074760384235296184,-0.01404926700067847,0.026397722622419222,0.015412267131698668,0.0553769141636023,0.031067133543711007,-0.06854739871851108,0.0732542018462431,0.10407703310594217,0.0985754104389297,0.10884775201167342,0.04933142906133131,0.02646040510710494,-0.06709442427919053,-0.07516914259281411,-0.015015873602460502
171,0.18038407621750804,0.05124946064591385,0.03941990381469137,-0.0008229229980367495,-0.008460295077180638,0.016687627936386323,-0.07294432395719248,0.045893584226804694,0.06685966925344948,0.0977050887931294,-0.04610721900024941,-0.008698481538814437,0.05688365230538558,-0.031323978704681656,0.06272806496854771,0.0583237934840057,-0.008944018891249978,0.14844926854200802,0.04512046612726772,0.029423609617233414,0.14452573657390663,0.07206465605113438,-0.08785293972846453,-0.011809008091910728,0.09435342289516092,0.11707719941694306
172,0.06387789195491783,-0.03092658294325586,0.07765333840540117,0.06379850355427602,0.025609837391573208,-0.036303420940863494,0.08066401391938559,-0.049401127829104385,0.010171971601397193,0.016442804448030018,0.024547839814654172,0.06969714504256157,0.10058414068202393,0.16193115462422172,-0.08602243427168622,0.14208187547825377,0.058779930006659785,0.06884907054353473,0.08927618868150977,-0.014508222440346516,0.19899566461866966,0.020637375328889058,0.1535510233118934,-0.04169660115942355,0.00578048014037343,0.035253139579653446
173,0.029543568215104232,0.1086102543506845,0.015697737060006305,0.01546877033893505,-0.0757689546971551,-0.16773604053557734,0.05234859945741952,-0.013519218961308477,0.08175527797020561,0.034032077465341704,0.10894373439157705,0.01050321373333877,0.034344689375680415,0.07442624648629158,0.051971983551688715,0.02034473624511583,0.027051667330404316,0.03625692856846471,0.11342101211030892,0.02657369600474117,0.06627511007494795,-0.01807756526009663,-0.014468739467108194,-0.011521526727841755,0.06320835371998905,0.019711671057464148
174,0.041493593546075604,0.09604229723361797,0.06902504992149745,-0.016534318682092652,0.09795451404892754,0.013154758078683992,0.013808453426780701,-0.014594419270696157,-0.054202068045206976,0.07949254540380342,0.02327109554983975,-0.08303656123413346,0.09502756947547869,0.014693426982327933,0.1387640109794355,0.08976050683580077,0.10106303387402683,0.023084638812649532,0.08271176472510611,0.13876128457360828,-0.05537763537471966,0.12088068825511844,0.018902719369151444,0.0032643378104868503,0.06245128998660836,0.042644524244230805
175,0.02261132024641982,0.13223131738370755,0.03273727748708196,0.197747938419661,0.08996959895952296,0.060327202214574584,-0.032557299216022975,0.08832503630602993,0.11434245128112726,0.12195869003490788,0.026644938353470017,-0.017690791434860614,0.1082818319817908,0.023025368301854237,0.0687121111732011,0.12280249299071544,0.1120565884531491,0.03829552766280368,0.0637640091688379,0.10715007427103242,0.03456726897688389,-0.019206948331805106,-0.05904949777484636,0.03529471648658331,-0.04471429792863387,-0.04879766004840882
176,0.060734656915959306,-0.011400678778206311,0.0494128680199844,-0.12233676182536547,0.08332156474097935,0.020892272055089034,0.05662115825296845,0.051781241727251036,0.11931526152177425,0.005798692360473219,0.014413726683145667,0.0611578009420111,0.11661183507632221,-0.11332600827717587,0.013932995859825732,0.10166215235514964,-0.0168436928875824,0.11706915149329167,0.12504879669436675,0.1368526889015206,0.04362854556966964,0.12964803843460007,0.07680873253733295,0.00789822704763408,0.023289301342128515,0.05542106209890383
177,-0.005191650271055522,-0.03713605058758468,0.05210501118737174,0.005737096133873872,-0.008462560422586474,-0.00033946005248562195,-0.004119487472967365,0.07591342580586491,-0.04340259347107012,0.1103472344774065,-0.02430972441857297,0.07938536554963538,0.0888762896587305,-0.031252130017161504,0.12117174765393518,0.08277667091521342,-0.07889100587039109,0.0617170943494653,-0.014395905474172391,0.023680417024364592,0.14161452104220282,-0.013044423368961777,0.05789758755830617,-0.01730889837543507,0.000924213580592766,0.04228603842118239
178,0.07204973085250442,-0.00675900754338236,0.014948328777297163,0.024648323928913158,0.09247631701777803,-0.010743794026565279,0.11241797616634082,0.04993183120634911,0.024395791782545213,-0.0054031522702051955,0.07338430469844796,0.10047017285034786,0.06183936240628235,-0.019949261111791,0.054616714074520414,0.09059378685913871,0.03360245496523658,-0.011595108380364297,0.019687396475243757,0.04698660680902539,0.1064068863204695,0.19006807861287708,0.06495674994111593,0.0896231040698044,0.005538062172879055,-0.0911230418441063
179,0.08455747121578755,0.06801054237858307,0.03381785139494681,0.032386824172583574,0.08982560700498983,0.022627359255517586,0.08477446774439519,0.08949342216326321,0.027038601939571267,0.03886823700134875,0.03789062824232894,-0.01434491391637031,0.023974035665728533,-0.03501242832673109,0.07729578273185916,0.12556130255635292,0.05199526091494551,0.11903524718854852,0.019775042378223286,0.045945152283507686,0.15938506389886894,0.0028600470041558555,-0.0797060547415106,-0.04068262183943642,-0.03443995468734031,0.014450631151734877
180,-0.007154134431495781,0.0010933476878856405,0.01634346275019888,0.05419712837089985,0.04545640425219207,0.1102168650080454,0.015280780669525615,0.11088677275743386,0.07412661863629777,0.07007320592456294,0.035147946142111496,0.045466508630138146,0.09712566691718538,0.03477497114105175,0.029327125366363616,0.05545181515640496,0.10264762691428342,-0.004347520219012746,0.11921151550317714,0.09156093795366411,0.06456022400852252,0.03490491447372929,0.020298786025421123,0.030050970957772167,0.08286760282180011,-0.06221909439771256
181,0.14084140082330962,0.028687423995229794,0.04648885742507599,0.03157273423988418,0.019014923397609906,0.03593796638752309,0.02059671135309543,0.02298045985880733,0.05057603239954467,0.0887334479881541,0.11253065655031624,0.04259496203467263,-0.040708850198031755,0.064017535280299,0.09012079933051115,0.06403377069634579,0.09548450996901175,0.11757069614487013,0.03003451567113184,0.14853007301354393,0.053543757058627996,0.09272402497105377,0.06479801239837445,0.018165844841534162,-0.03634965216135155,0.03558636652993354
182,0.05531333640202181,0.04666463415764316,0.07059721472367363,-0.0527960988066104,0.03229235766852253,-0.13461924553789373,-0.03749404036137233,-0.018620069987383102,0.06345495287484587,0.14094778503924912,0.004603450856101514,0.013616097919998979,0.05485464381107844,0.03410735196372483,0.058150718880474184,0.058747142480024106,0.050601484525367134,0.08469492643749837,0.06963916499601684,0.04078426847623329,0.014568789669675414,-0.0939574173025291,-0.015174867413339843,-0.01704838466125308,0.10073459279065518,0.02186630005318748
183,0.06942189349226874,-0.035101036633954454,0.019012029043263972,0.020668869512951344,-0.017837479609335204,0.034809082486217946,-0.06825209172491971,0.05680670199809151,0.11434580130433364,0.02583296408416304,0.046524991535434435,0.09580348661414413,0.027333345953540162,0.058872765618459943,0.026813744696314645,0.05477454685211606,-0.009429628644308427,0.03412320853122813,0.020562381694285554,0.06179855825709476,-0.01580137799735439,-0.09324475847272207,-0.04879441258321369,0.0704114751491859,0.027926595744022082,0.0230575140494641
184,-0.04948199907786218,0.06388449427307087,-0.03994307190312071,0.015194293657603183,0.10670979787620771,-0.011002110185009831,-0.008241178108113645,0.09040040128289717,0.07666736152541649,0.02884461476900067,0.04682673449902114,0.03468938708498651,0.1038047108923672,0.014069930673597705,0.10843202896023986,0.05937567519451514,0.005922369197766564,0.057807181081002613,0.1450521251755126,0.06083427978663477,0.004040308875005005,0.08268381963044279,0.012243744855601441,-0.02945343336431359,0.004479202114425189,0.08902275453254377
185,0.10215530187416345,0.14725714188935105,0.036442822745348456,0.03894708505926081,0.12841915022680367,0.08502172089757615,0.09621202138423912,0.03930321426086364,0.03188304284988245,0.10660107238166995,0.04996581381602634,-0.0711880545959633,0.048470444523401414,-0.049254384734264245,0.11518752967685235,0.07439677546735712,-0.0939530903334656,-0.033617185875323106,0.10366373074510767,0.05471643481045696,0.030440157359263604,0.015056954738416692,-0.035957296558636,0.1013384622986336,0.00014694792732885186,-0.04707236073939047
186,-0.015544453115839556,0.15238696723601808,-0.09269553835769669,0.08079079663268685,0.035649729780327245,-0.06765056327139236,0.03942969700897836,0.05717750158180427,-0.011652351396861363,0.08623029778485798,0.1483090418446344,0.11886269003367107,0.055016368400598724,0.042180726747416464,-0.004945466863754522,0.055942423278154595,0.02259221781334723,0.08531518592377052,0.0797559657047437,0.11173730459507351,0.00025942509933215164,-0.007626459562468435,-0.026265313476701524,-0.03339119721243663,0.08684732384298698,-0.10782816633597646
187,0.029465506639749527,0.13722559463190567,-0.007930756050328521,0.031106033677893035,0.0013665550583069619,-0.027552201843303592,-0.007603971830911771,0.0993585345476748,0.0442077058906315,0.09662768525213179,-0.03512966211417978,-0.010484959560148333,-0.090962575770015,0.1411816084317792,0.054462230761843956,-0.0022965256733443367,-0.04601344040522859,0.031133896193493417,0.049416212983425044,0.10503299945141838,-0.02366447770106465,-0.014981284595820118,0.0071417533494361005,0.12694153995835508,0.06687766516065224,0.07990441205630487
188,-0.0030300536616976554,0.1348672589018485,0.07833454601394173,-0.011658555587625704,-0.03311523753426526,-0.0011479489264489087,-0.024698119629295984,0.021180190720536007,0.05515952732585718,-0.04101822223730541,0.01419052984097317,0.020637970157326678,0.017926300645462835,-0.035434216735394396,0.0527897514875722,0.04849607098335199,0.012487000293680883,-0.005466746564656252,0.029678617860964783,0.11730120580175259,0.023952642207953494,0.14984724791603457,-0.0344640789526943,0.052702738641944524,-0.053040224433431704,0.05698155475820984
189,0.08101847199303404,-0.0319232728300158,0.07053090686344159,-0.04336342313363539,0.0735630508330643,-0.062371344976537714,0.062448202308894696,0.0049065031659861575,0.0033188508950848052,0.05937031616246528,0.0050522600821428605,-0.021295927807761905,0.10782876643796595,0.0983600556487121,0.17098363857112645,0.06379843363758038,0.013194502414675402,0.1282503876650048,0.17182674135851975,0.08351830352750388,0.027733623303204762,-0.04441982387078284,-0.0450443457545715,0.06417656975857937,-0.004863597108426802,0.07328115518264462
190,0.05177590214605169,-0.025068410294861287,-0.02837126651364637,0.018379088579443408,-0.008065643674258124,0.021166793276668688,0.0013749680684846388,0.028194061548402188,0.03835991641632641,0.06964273438714265,-0.04125921916674654,-0.09249297328688184,0.04587197721243952,0.02871941030243293,-0.00601491391379592,0.0640322456687238,-0.07239266005848728,0.0853102204164259,0.001726702842796561,0.03703495657579318,-0.006567539609193077,0.09965095411700205,0.00036661695002822726,0.07525118569521422,-0.05040026029239636,0.10321436836564683
191,0.011923396146148882,0.06170180105740732,0.09862607647116643,-0.033079738266448645,0.10427303593703925,-0.04501232699557859,0.12427286357520023,-0.0757676039132375,0.011107692353594193,0.10946623901744167,0.054523157667199194,0.005481705025104144,-0.045926522300127136,0.0875585241537214,0.06252024874023852,0.08643534077145168,-0.0037990975119779704,0.08924673015190743,0.05033834036047102,-0.012528474594865224,0.04084651899917561,0.026803376641021615,-0.06244557043089664,-0.011363586930642636,0.07172756289452271,-0.003687918891617866
192,0.059597791799677134,0.09787174243777845,0.045993281976055046,0.0702756043054041,0.041553879270616635,0.04945988097593166,0.009796113650572905,-0.11955093943619803,0.0008669072112866272,0.07204530510394234,0.0033709083117721326,-0.007884441223780661,0.09733249814878121,0.10214881369610544,0.032002443105627644,0.04505508836960529,0.03751255964928359,0.025769462584086595,0.11658262452409081,0.039906579520702534,0.08411036954063751,0.09126291387951475,-0.0013468597672286293,0.02855350496134401,-0.01753730404861492,-0.03398980372431021
193,0.01440980321180661,0.12577913316405862,0.03638854715540927,0.02011911957304065,0.12387351028372597,-0.08882641747568981,-0.03219217812374472,-0.00318147070660348,0.0017519098625234566,0.08614416531490145,0.03835445808162271,0.04806433451644158,0.04197121731965462,-0.006557317564549933,0.0349236403970169,0.08698784342588456,0.03901296481229136,0.05631709552668348,-0.014765363049068466,0.06297869803897876,0.026631951420157358,0.10466818997598355,-0.011307509808908081,0.1545353308539619,0.1005363509138343,0.11804445817547267
194,-0.0683696460190968,0.04239934425623101,0.030355953206646136,-0.07827090400297289,0.06988438919189315,0.04070607871740106,0.071296376884408,-0.01057770341522988,-0.013288128767854809,0.07783230892152469,-0.003910791594635495,-0.01737473135419811,0.06306524761955867,0.012801683122262467,0.10939355736244966,0.07304917220953772,-0.019386111500756087,0.04402867753704289,0.1447304034664343,0.055703072538152154,0.06819531454329829,0.05372029467768635,0.08944646559470965,0.08452985668949431,-0.0565442695811341,-0.042661853824243555
195,0.05175189482529696,0.011856695461244682,0.0677925131952441,0.0311424391924315,0.08240398236517683,-0.05051570207222896,0.00042063413899214464,0.11490094628316462,0.08374938987213754,0.0596110220816534,-0.033152025243181595,-0.015149721715797648,-0.10373367790595693,0.11959941222483662,0.1693975485998093,0.07348947165067687,0.013935181273728873,0.014121661547846776,0.03419916340007676,0.13137851137706383,0.06585999944264086,0.10015310034501751,-0.13704843754336285,0.06679093508775796,-0.059529367504970676,0.02231409960484017
196,-0.004007707184586855,0.05851087429974633,0.09405780154190713,-0.03480584661253713,-0.05541449087336716,-0.07677138115762365,-0.012556643262777278,0.07684043056362501,0.01599426551871782,-0.015857734563687147,0.07605051023800329,-0.0444290718309012,0.02524386699174184,-0.028015785275007882,0.07568523121274133,0.09959545686812654,0.10077575772783925,0.06265348831047275,0.11508926497957163,0.12399318595191233,0.08949052007104162,0.034361711684044595,-0.052179243971497945,0.02880149285450177,-0.03433941971115417,0.10803717250791067
197,0.053979245205801885,-0.04224704071559663,0.03243573858243315,0.0990253546929868,0.06884008845874799,0.023664110003546884,0.08161914367852946,-0.006980429755439832,0.07180474133262608,0.02004984174776205,0.06946345673186827,0.057053487315800254,0.06052546793489877,0.08633583276824179,-0.02936361626498324,0.07693742445512863,0.07935421865183306,0.05141760058694315,0.020599042882087488,0.08746147738651573,-0.016480121877016436,0.10650717617776977,0.052210821831457734,-0.053405206885879554,0.00883358823999906,0.004075010656777475
198,0.0020967175364261324,0.07993171909972822,-0.005339446530768011,-0.02021128777010635,-0.04636583213431352,0.038335885884883195,-0.06061897656447468,0.07475740316520997,0.049656201040346334,-0.010253905066360702,0.14674482864533897,-0.0626693074040024,0.029413334553789548,-0.03758030738390731,0.025771112356683983,0.011897102813306065,0.03401412268350792,0.054093350506534854,0.014747315398401739,0.10583627943663697,0.08520484037647225,0.054163217737068,0.008359768240192873,0.1345772051174592,0.04646157723907925,0.028356343621363855
199,0.04437841700791985,0.010082235017634686,0.006906973284340312,0.051362113256072005,0.1460550572944062,0.015164418380959999,0.054456864155855524,-0.002237798042399746,0.04201824021189515,0.047086833933048355,0.07262461515246911,0.03314363250267046,0.021863032636726044,0.10188347897829118,0.09796339958515803,0.07279029844215534,-0.044511833091274954,0.05323691292875904,0.09150994111488102,0.09354956367614432,0.03740785336165701,0.006548131799555471,-0.10752034508206805,-0.0890292463925439,-0.003963201854119025,0.012115091764851482
200,0.009906650383287252,0.028224899823090715,0.10026270564840532,0.039559859346674074,0.04404616202966636,0.1535549893132603,-0.059040153412282824,0.10481042826071435,0.022260593497103038,0.012833507063842897,0.013524659781450565,0.0654205671009992,-0.012013316440508496,-0.03462559266943751,0.08120603457093249,0.09922257982315974,-0.02275282629735555,0.025947366480722506,0.08494600924670916,0.10088916455893077,0.07116619030039596,0.043993769436010764,0.04397673233473139,0.08285841812604323,0.062437558196437946,0.03709741833071978
201,0.029492061745105012,-0.029267545534018558,0.006267540162244492,-0.04038387740073699,0.028728529045827088,0.14813086915846504,0.024818327264907958,0.08722009314726564,0.10209491130597637,0.01126280537060794,0.03505363064431092,0.06127021510107551,0.05183615723341387,0.027457021447289193,-0.00745374522121663,0.08834867063612399,-0.023425402023367847,0.049447592015374374,0.07567691495787893,0.04153842226235627,-0.0352012752254533,-0.04076538640483235,-0.0741865093619372,0.11041560876469003,0.0038045951851696977,-0.07627982645549108
202,-0.10905187648147247,0.05323454478890788,0.16207153507376054,-0.08150461797837787,0.00039578841746608796,0.08582924132829843,0.10337789758030985,0.010909848602671449,0.0959553156701257,0.057189198119443486,0.11355489976965294,-0.0037296754571239195,-0.04781047661395136,0.05134838932638369,-0.03687585705094706,0.007874778106683411,0.04780736306958241,0.041706230335181615,0.16053085008482226,0.05091048903299822,0.02639789304575474,-0.07469615861777916,0.016135696423587736,0.03402795826028924,-0.10000595245125472,-0.008699937118977819
203,0.06301646355666635,0.07619925846437514,-0.014938712696097404,0.09158040034702687,-0.005418388783770248,-0.016816621653405712,0.09584117911959629,-0.008624929592300693,0.02372506517081404,-0.018182648921025352,-0.0033539728093604504,0.022817013368911544,-0.024187618569779894,0.02938730800362096,0.0960254162618636,0.11122911080158548,0.0015740963825306802,0.09785083601109483,0.15976713177833932,0.09215601654179995,0.04961179355271528,0.050079393588314446,0.10003852151551311,0.03394205320966084,0.0038152590511890865,0.03335427094728235
204,0.10873613448155316,0.05120448110662309,0.024267509479683997,0.010823995114278766,-0.05895611064960671,0.005986891668944469,-0.03749895333393912,-0.04122638171932267,0.12646894610678797,0.09303277072505262,0.08749012427028714,0.07794602570280668,0.07139240448426165,-0.056257665059940155,0.04689828332283551,0.05991234581934166,0.10372929644759604,-0.037031443730335845,0.09528217243615981,0.06787784467070151,0.07626370942234172,0.1757749371087655,0.04647794320110458,0.00025214685183538865,0.028792916305004967,-0.06917911897716955
205,0.06211063266532102,0.16601927639448344,0.03957265744782901,0.02389078057240294,0.10406897980580991,0.0596030229258504,0.0039962794569610525,0.013957609417775222,0.03539230321279117,0.06688740702568978,-0.012035604844923609,0.08926010252508997,0.026922677094165404,0.0434083678669407,0.12266783363237262,0.006760980487529563,0.03064855665752223,0.02045115239485022,0.06309149172131782,0.06562410653322726,0.03729693291747582,0.0349596508320163,-0.11311690250103851,0.055568508808996074,0.07500042366138544,0.05781500075245154
206,0.0643119221530496,0.07578764165987985,0.12619875954520884,0.05498704512223249,0.06246006515443018,-0.01771211092878272,0.0078115665371906355,0.07994646474022982,0.086681991785705,0.1020299373243146,0.04890239756683209,0.013990271238200494,0.04372693015110862,-0.04673087712558599,-0.014878402824930933,0.06711265318396108,0.09233809223137894,0.0038672084645729275,0.06652545944527123,-0.12538692911732377,0.04045387483078681,0.09239263076723662,0.11044471231099609,0.06499951961235896,0.04637838043705772,0.05293805444811548
207,0.09700953407334761,-0.012482241258322185,0.13732769232647335,-0.01309759768713727,0.022943628850436625,0.07180102970291624,0.09556782492878435,0.05599710723092993,-0.0028943522827260906,0.05241944748224009,0.10182066497910995,0.03239072629605425,0.0369673808997113,0.05912407543886951,0.09324268708753468,0.0075075157905169125,0.07292334851257105,-0.012585215558140924,0.04967348895249588,0.1481870881377901,0.04026172316754693,0.03784339119020499,-0.11350755740481316,0.037576263555763455,0.10700928518109686,-0.018661638036311285
208,0.042304194329350876,0.08299331382293507,0.12249812988156931,0.06359176560560613,-0.04781194401090155,-0.04373184396678002,-0.09456375307701681,0.10183663143276939,0.1163272369444504,0.02181101722760126,0.00039656467450558774,0.07570972582581988,-0.022651040449376308,-0.004992340595711168,0.1225373551039114,0.024550721815989236,0.00961880601474872,0.0632945090317902,0.012804570437436158,0.13135283836605843,0.02537382782027453,0.01002262527023042,0.026176864862727373,-0.0053044464944217076,0.05191584961630619,0.020698357413520368
209,0.034542035734069755,0.11465150509232021,0.08659958249131972,0.014947411675686492,0.07232114746162481,0.05207369069323068,0.07967561352093866,-0.009247170158324622,0.00592405489181641,0.030834290304585288,-0.058674970029478746,0.023475902869629084,0.07828707892303644,0.05908723569265284,-0.010192063184957134,0.06471467803698995,-0.005198741429918274,0.029352724397700036,0.06435425288541437,0.004486831657638135,0.03474370317186357,0.06088048036463269,0.07213471616849061,-0.014139606297509507,0.09537401948583417,-0.016771609559855166
210,0.12847356303086568,0.0879959447481416,0.1294644244776901,0.0005515652643095876,0.0673245824295315,0.015396744400961542,0.027609847981541424,0.044963340718495906,0.06514330918452972,0.13229075543789903,0.02034074964048651,-0.019793926671882883,0.03685991403789154,0.01726326523109147,-0.044730578050118895,0.09606512998349352,-0.04465379365636196,0.12467838099660826,0.02483602626471752,0.05641851842010126,-0.06190983119156727,0.06784114449983476,-0.05330844364483813,0.01397317569620075,-0.04517796100331104,0.050582835663238845
211,0.09026336724730434,0.07540334236669244,0.003422142558663705,0.010361114425714116,0.07537230156462123,0.037000427271116576,-0.0020265720250058905,-0.028538341796480515,-0.032138452495946546,0.09251086239982971,0.12314588453942205,-0.052270799784055764,-0.017821122369504117,-0.021218467045972633,0.0073689185435187685,0.10829058299798523,0.037360826507148226,0.021018950460019524,0.01579424131276489,0.06434927794238009,0.07298294303405257,0.07631485547747284,-0.009269746183139953,0.049553392616338586,-0.019193892629920013,0.02194028714672297
212,0.05478994871237317,0.061047234910259617,0.06659647252456542,0.02876543362266598,-0.0009052512222974167,0.020182358337675232,0.027602463141594164,0.08721977851751589,0.05354444789389112,-0.04496245518236356,0.08864884570575138,0.027140061181476622,0.09082166011994575,0.06262067514512289,-0.014427099700248802,0.09933920606349095,0.0741021048449898,0.06893342605385426,0.14227137733046286,0.16943010687342033,0.09358562444312712,-0.035437878052130334,0.010334132693547585,0.02613980363864697,0.009748939677324708,-0.03924480699190095
213,0.05980002663936822,0.09812862804804907,0.05192327138065744,0.07293924517793532,0.005271734216871438,0.033380903780081794,0.02073585832788096,0.07618311172638674,-0.004020064241925914,0.040156138198253546,0.07544520443263052,-0.08204492994837105,0.015526983062903083,-0.03952097770952473,0.10032827755334911,0.07091465740070968,0.051618558539991755,0.02967324635085552,0.019028581390706217,0.1012275432555047,-0.04042773991440359,0.04327477680790862,-0.06930973213618867,0.1298014762653467,0.011997835175804123,0.1102096961222623
214,0.06514794547458279,0.03967986647704924,0.08314267732857673,0.14735597368064832,0.033854227422787174,0.0356227044367601,0.0108778544420771,0.003781795500105841,-0.004198425004219686,0.03625167624842777,-0.02256864094793413,-0.03058552680783122,0.10728711123549205,0.0769524513964815,0.12520034528048832,0.09277534520975883,0.04265685550145778,0.08367710754666026,0.10548708429737595,0.06847818025256928,0.034522173419057035,0.046801465665263185,-0.024920804595758943,-0.044482092178801946,-0.028150716059536028,0.1332060168016794
215,0.12558434794710563,0.13985264832173297,0.1314124363412568,0.026086724527156917,-0.02302265379673135,0.051247855946749764,0.021580565528705836,-0.0331808506141168,0.18729400220564746,-0.00032024147534472514,-0.047264738246308426,0.02595317766233026,0.04780367399979709,0.03325749623577606,-0.006132267280227088,0.08837953687498801,0.06514717903446705,0.0002665607812331796,0.0805692234599698,0.07971670400622932,-0.005108206376174873,-0.0022697354686615863,0.04271616540227848,-0.05554586865748501,0.05622901563829741,-0.08967633266027157
216,0.05202864435106761,0.007890528865179935,0.018082029065412508,0.06910775730810065,0.07152330612282982,-0.0355325978139129,0.05055107431911774,0.008367571191404391,0.05063099744941705,0.010538842589942901,0.10001609895872186,0.04491896703698278,0.07826924916112497,-0.0063678742759054425,0.027726288856978403,0.1454162665463308,0.003600406150643258,0.005270011662438863,0.08834118597826933,0.06898600629301722,-0.01219654994279736,0.11114148634275027,0.02467790001098367,0.10236576854151769,0.07746801617961625,-0.016097232842941973
217,0.06165393302163865,-0.016789346137073724,0.0905102889974604,-0.029226729109554928,0.044817713650359546,-0.00772369826679901,0.06503469577566239,0.09717919084478184,-0.020370971927305304,0.07081012419850258,0.09332576069905797,0.040922935700503496,-0.012161121405608433,0.08034534862886909,-0.00419240707648046,0.013055908059578625,-0.004527568428454845,0.06324413431125508,0.04422826332686025,0.06465764872348323,0.030418885511685183,0.007953897082439284,0.015319166779962996,0.0654835218620357,-0.03757022496928536,-0.009523492060873662
218,-0.06567645702050472,0.039334859621557694,0.05813543018787744,0.05137555573304401,0.08246452850226398,0.06835493514129366,0.14801811434755577,0.07268147621476125,0.05528262392937019,-0.0447129341307951,0.016706413677318177,0.07949603804757945,0.04466890264497555,0.02113530395016185,0.10733120785708454,0.18243288189789844,1.8837137633065382e-07,-0.06650759963895818,0.10085448780148447,-0.002105070505014147,0.0481774830220699,-0.03210041978416587,-0.020257680368058657,-0.04597181573210899,-0.016706492980615866,-0.06968645690136333
219,0.0905778312067847,0.07912443344395238,0.029644088811587643,0.03284899794046568,0.11968463315308768,0.016320686558871016,-0.03030026170927852,0.06183457845960568,0.1288680753276838,0.058000422716271614,0.030187863135165048,-0.0429251213851613,0.1528729528975333,-0.014996129251391285,0.09251980344260587,0.0071706641670848574,0.03894259388161477,0.03526175108754259,0.025387476832059552,0.00031644177579540946,-0.03574747210052923,-0.08800050173638631,-0.015484771247243918,-0.05545012430084506,0.042453002466556054,-0.018974702590172383
220,0.04101261851334459,0.048074554089125796,0.09594972102569249,0.06302095780239488,0.06920630840131657,-0.02364926834080035,0.012651850254238872,0.07601267085966538,-0.07360706658649481,0.0320739235732835,0.0341554612107961,0.01737161442356096,0.05016073239947427,-0.01868986311333413,0.05661879094883734,0.14924250200086095,-0.0041223758847841645,0.11510621623465396,0.09061150885449647,0.07945442265568176,0.03899871199234186,-0.022328281372238967,0.028194296436037214,0.10009275490497038,0.006037517767157441,0.09917928382592174
221,0.023269046713274177,0.12749898150663286,0.04051785773814428,-0.0058832585391773344,0.1766588271414662,-0.02004560745239174,0.005167390849925254,0.01571167032872543,-0.011349400958976944,0.03948585138653521,0.08324267743435436,0.10430105221857622,0.007339808656510997,0.13163011504538805,0.05303088061755653,0.11887893862249789,-0.0015076582100452263,0.005929996284506282,-0.027145938386517392,0.07255843137120288,0.10556004157385339,0.056551892201784394,-0.009317371839907884,-0.0012448696563321744,-0.1558949900134491,-0.02858261378329785
222,0.04225229009475112,0.06210855808901712,0.0562014094137517,0.05804476827675938,-0.010760954535931658,0.12421051774350378,-0.05863650777481707,0.06939368726631999,0.037647111166278203,-0.029166812895043654,-0.0043890012381584045,0.013010282536751738,0.0698129054438872,0.013712260457899639,0.1082754986039534,0.010872834417770613,0.03598242036364643,0.02667143234461546,-0.005441414901683261,-0.04899849850476009,0.14812789374856647,-0.06666653596986577,0.012304514738857502,-0.009740041276392757,0.03263113811474564,0.09902815754878498
223,0.00022957163836986004,0.09242871251854247,0.002627012254888724,0.14994697453192185,0.07809536185934844,-0.034516081862375904,0.027623007129613426,0.06461865968412879,0.16853281311926335,0.013312579251100742,0.17895549038932546,0.007889234856704416,0.13275283324766687,0.0921569329357581,-0.02057506072412864,-0.07961692365119995,0.01675017660084747,0.013259438148695863,0.024671873297601878,0.16502221842121637,0.15723860129760295,0.07242259931673493,0.018261224771347194,0.025149784555190846,0.07720124982188192,0.06193517857917356
224,0.06283796657773105,0.01876602268019062,0.17473375294578217,-0.004130887904513251,0.024649722014626528,-0.011250317280251276,-0.06819852915162296,0.14883262877206246,0.09428108475126264,-0.04613183949648536,0.031125664814980986,0.05714505289446464,0.0459983421746459,0.05421364330559993,0.09624321523477249,0.09298586992396363,0.06264657833895415,0.03319052923459844,0.03115834003897518,0.07665557584957162,0.05977714369914061,0.0011975183965493201,0.028598007442330486,-0.020738596842088064,0.06039962648570896,-0.12375921349361112
225,0.044381149019457666,-0.06162305146691144,0.08210995494898639,-0.04870565422724186,0.01758118635599474,0.04055658344387686,0.09792698202781618,-0.020684054817219744,0.11306718683939808,0.08209696861420297,0.05006553933148696,-0.03448040584425671,-0.042297445300900995,0.06470958642651954,0.10851191711696066,0.12915060736887488,0.11905452632538567,0.010020777253497112,0.07620401452800857,0.031576162607306224,0.10482882779640401,0.012346926932881882,-0.06256097913511456,0.007193758034968689,0.040408149857658636,0.07760589193335282
226,0.05021078289277714,0.058811440111038546,0.007900742291858035,0.13357247639287442,0.07972882276472676,-0.009240769554570741,-0.05512625166038524,-0.055962580935031904,0.008921983966264905,0.03854361369236144,0.07956458774299992,0.026826909326331454,0.04600653519186807,0.11488597341582663,0.10378822283715099,0.028845459801172556,0.015802674998135313,-0.022439320812797186,0.06661783766320706,0.08493717204266471,0.11548757701509009,-0.024303519192544604,0.040725476395863915,-0.014898189874098411,0.04162983686458401,0.037411705599460034
227,0.016389604052520584,0.00839556329476702,0.15996976203050686,0.09794845627918396,0.1737324204795044,0.010460499568845299,0.08248444302430603,-0.03231102654594161,0.13792221749239217,0.025748545355099666,0.03306317608688253,0.03619748002207087,0.03509039393882185,0.08060141578908747,0.04116249657356691,-0.0494198514920375,0.05504665706997195,0.1096978952766093,0.11958610102128743,-0.02050773953225349,-0.008037136112030052,0.08268781954353764,-0.05098761973875223,0.00902234032983821,0.009355647486833133,0.07628503867667123
228,-0.03398412472822243,-0.008507736866157653,-0.0571959737227842,0.0776058072803691,0.19101546247525572,-0.016425051954611948,-0.002267547545246995,0.1097622940266167,0.0448573769164878,0.02210928066562719,0.0529431973081412,0.0005965224356282071,-0.010663306276894454,0.020774699104604444,0.060090100493640254,-0.040654292608366414,0.034580963553882495,0.10748515933265294,-0.004183801521628821,0.05054886754894875,-0.04267968815055667,0.044778345386135156,0.08133152825851984,0.11196440857131944,0.07378140475324209,0.016533810831893092
229,0.047961636867836575,0.0903419796381032,-0.019488433657195586,-0.003988420086309489,0.0261451296759051,0.04040545654903266,-0.1606667341133334,0.04900005824075889,0.015143759137738225,0.055948990117673944,0.04408998471259009,0.007369737367477906,-0.011288588890551196,-0.07416599921653277,0.13212306602748417,0.013360953272368803,0.09597778639457037,0.05223998477847014,0.06058603139835611,0.05545410232399658,0.11080521965476936,0.007139684840464067,0.047945122367104374,-0.06870111713233788,-0.06641655782970148,-0.06405158193010764
230,0.01256530577429597,0.03610944071851061,0.036314001116798354,0.005178072086232704,0.02381398507830344,0.11406789588644635,0.13001332285734624,0.07949710034898207,0.030839767082626052,0.04803792980331467,-0.025852024162763793,0.008572203675751733,0.10726726423588047,0.005282861192487998,0.1907012666112549,0.11294405026204457,0.033920057166157924,-0.005044463615841359,0.06864046647685469,0.03311668269792534,0.04544899157269668,-0.06238342174364717,0.11526395559529216,0.026385952806991925,0.021975307026537605,0.08532935442840851
231,-0.06302413356780427,0.0585132737897884,0.12698646392076168,-0.06693353463546375,0.059243380584842666,0.026348023122619524,-0.03683052884939161,-0.07282153075469279,0.015917109004116175,0.06345987368342958,0.04697343004606819,0.079905612173142,-0.024980099955737654,0.0008375928840198736,0.05622477968697966,0.16556858045374592,0.01860367164739603,0.11649727413799114,0.055606167628271676,-0.02833463248038511,0.037879222847659155,0.027946363322547702,0.08463856583856914,-0.008873312322212093,-0.027728603602884688,0.019651546580444823
232,0.029555983879982373,0.17795801199331687,0.03602453339474373,-0.002914819290699441,-0.06489819107138668,0.04840489626027933,0.02905015754446333,0.029602178768233935,0.049686066800339844,0.010130199125204001,0.012094028836704277,0.1089139560205206,-0.06812382810981484,0.05926360627587261,0.04344996835065118,-0.011932425695977356,0.09051886750578332,0.10377971541891651,0.06358266544155979,-0.04141913665972095,0.05846920828741518,-0.017651693574335103,-0.0038049496004131465,0.003722321453755062,0.030107952392295727,0.014837773616773242
233,0.12168331698016101,0.003776527430055984,0.023142160597438566,0.09069236628530218,0.03177587701901966,0.021950306862922004,0.003961979165953626,0.029327448033440673,0.031686302855898206,0.06683072899474583,0.054749312248982974,-0.023227613075631186,0.06738373886193755,0.0591248005371933,0.07457636422714709,0.09061662582842134,0.12848706544996993,0.011913627404586347,0.004711565441835634,0.08665140295960876,0.06931673839234043,0.08856805163405995,-0.09543009076738958,0.06467173153203441,0.07605243438148997,0.050068845281346544
234,0.08813445522867562,0.04414975913476693,0.13459345675157244,0.03152983784313782,0.05998568824311046,0.11123626133546326,0.04447399890879329,0.1098492808106906,0.07138455477445227,0.042386570397255206,-0.022005598401264148,-0.03751263145775393,0.07884369291464864,0.0657131715371156,0.003908335845512572,0.05357041898548298,-0.07070466054466928,0.1504702066192456,-0.028438566585489194,0.06984031367176025,0.03729990738841885,0.0716572300698567,-0.002031723076790744,-0.03303817810503138,0.02138143355751846,0.09575433493076367
235,0.11862053271143781,0.08403616250707868,0.00868616345295048,-0.10039419455230515,-0.0018154388641925907,0.09116308166266794,-0.07812958068887262,0.07192101185591215,0.04327202628188831,0.06384671469759219,-0.008072107796729695,0.11172816763418152,0.009321396974601178,0.01998925356977016,0.0987503729338741,0.09044839508974468,0.04184661473636103,0.024502339888123448,0.08168702059020357,0.03971031746715362,0.0770320410026656,0.0832698960957326,-0.04107826296712883,-0.005483621909584254,-0.000878175820708408,0.050580902889957834
236,0.10237467408178523,0.08242083926624617,0.06737925494062265,-0.03396799558154776,0.12773297555698238,-0.015535075149613276,-0.04368963761195821,0.16697464281908583,-0.09751932182684453,0.0003040297122971856,0.0063732283092386615,-0.02711465058839931,0.14649463960248785,0.0031150688082084432,-0.03835980821853938,0.06425503166724476,0.030864483334824538,0.191884040549434,0.0023510217491586136,0.08737706012714815,0.10750731563326417,0.07949787844143685,0.007688148184888444,-0.0849053864229678,0.003919463602518453,-0.019444172059393194
237,0.08752251422502298,0.06198605191633285,0.033855522936973435,0.1442982804502392,-0.007858427154403694,0.011239130552278043,0.013828529031623607,0.05569081284922437,0.07156356941630942,0.055517054171032164,0.045133316881635056,-0.04521519377576044,0.10208228114542428,0.08284510796039148,0.03533362279745076,0.10942038863154817,0.026084558308791566,0.11441060997746645,-0.01610853883580632,-0.05111449968507912,0.09948438745682288,0.10513526936571027,0.06859791433516961,0.08397316890424662,0.035373418410895696,-0.020008026679481594
238,0.09045338272777877,0.01176216937923528,0.006291495590096174,0.12385163747610796,-0.08871654007556921,0.0846729966384888,0.07676686171511497,0.030212316556416503,0.12329426795086233,0.0691611668694538,-0.045998273417650115,0.025133146658163723,-0.07606534163716543,0.06686479122830495,-0.03337157662846463,0.06117853838348093,0.12017405032228125,-0.06441373856740279,0.0487692459637471,0.053529467869487334,0.09132141833078528,0.012520193076017113,0.06150920376873072,0.12153508754671438,0.04922856008619516,0.06741562237672405
239,-0.0007800990929694995,0.11747989729450665,0.045907685134609834,-0.018295685442748046,0.059343702732696214,0.05264065491137539,-0.03351128273059506,0.007907004340761378,-0.0037592131747830417,-0.0574022917088701,-0.10757810680728679,-0.0266978974697953,0.0658236817298175,0.020537068458262864,0.060338206728418976,0.0533251268440619,0.11448897464250585,0.023698687514532784,0.020529428866589094,0.06337826727033824,-0.0030107116543426522,0.0877751332049348,0.11743196649528782,0.03380742843151021,-0.03146237429390462,0.05147771156084441
240,0.10627115491997598,0.06367170356441006,0.06251830853697066,0.15212233656511887,-0.012799910151570467,0.04267668812642413,0.037756199527471446,0.024251888892957353,0.18096282317057746,0.03134447410506086,0.03198873488985876,-0.03283437270053785,0.050214396785982565,0.01770531475082639,0.09215937930669917,0.04343659390596374,0.10982069884783935,0.031006314469016378,-0.020691647347582443,0.18317813937478095,0.08674468653725942,0.005214251532218735,0.01923768688123273,0.004923311874404904,-0.04412772264323317,-0.06062381826922353
241,0.12744624689387604,0.007862446145522766,0.054682166084705164,0.08797065861082846,-0.05401777746461652,-0.06168591587156345,0.09779348140756632,0.16506955563938328,0.03800438170495364,0.08860898879339874,-0.042269688830594655,0.07968233859516038,0.12152210408342967,0.09050106175753163,0.07428488104717539,-0.015220309099389281,0.10025538568130447,0.043866857522577074,0.0730476219253685,0.07074906606140019,0.021306837496491794,0.11775209888652027,0.06126078785548896,0.04232262460428502,0.010154739502947319,0.07953115335608531
242,0.022502879735892784,0.08297628345918684,-0.0013508569755713204,0.06507810393557227,0.12250567279039372,0.048544810841832285,-0.026467846163748792,0.10829786031534132,0.09558466303492169,0.0021252224207402213,0.07709296724466635,0.04039172659349135,-0.058823416991665135,0.05263984832274613,0.07726544226857845,0.12560211662615572,0.0514748435637461,-0.012111796713795975,0.03493073329460572,0.08101712288256069,0.11887819750641926,-0.025489124648750378,0.03107218392690997,0.10890341646341295,-0.10169562997642266,0.10369156344934179
243,0.10986468577381386,0.03797133071382005,0.03284929779865523,0.0016469610703526523,-0.033345456356037674,-0.03784740368231748,0.04368271991787067,0.12256585360236942,-0.0037727349703964297,-0.008466684748117275,0.05437563585678867,0.026413297770605713,0.13595866667439516,0.04878546810519685,-0.03915469666845275,-0.018926531454968067,0.013181138541224916,-0.008216676222408775,0.10283906008533107,0.04857117456043062,0.0572691579298256,0.02997183263402422,-0.07357846497075382,0.09365745654221797,0.14023196293423693,-0.04579047471557666
244,-0.020788750602733753,0.0048587615192269284,0.06754109254008762,-0.02363830446933183,-0.07818855955657762,0.0736355733200032,-0.0117410328711768,0.03646216543934361,0.07378368770997605,-0.013498782899371897,0.014212228637024649,-0.04027175973035174,0.02345610676960626,-0.025846275331874224,0.060794699375071745,0.13492164253533176,-0.0480879710918826,0.0030788937205326232,0.12042799315666121,0.1466998515541954,0.0619622737532054,0.045380217999885494,-0.016079236551232036,-0.07730426582079368,0.0011450019081867824,0.017782481941574002
245,0.016027902439272563,0.014599971161219694,-0.008721311330625961,0.04224091422748244,0.00045362715038005375,0.052731254813148776,0.0003841062819264218,0.0689873846762566,-0.0607223683074517,-0.012727516339925379,-0.0042669842367205986,0.05218089601389079,-0.05584404662469391,0.10435491861771849,-0.01733444981435106,0.1041172699255053,0.09641354383446014,0.1087870471101902,0.027673816214146628,0.1444219428635379,0.08509275245023451,0.04382682438115946,0.02464967702116453,-0.016954725333080695,0.10909277449171817,0.06483762570377051
246,0.11890791626746643,0.08872410192747915,0.05393821600477555,-0.04976538700900868,0.06340826582498854,-0.000898130529124038,0.15645432451216162,0.019022680084101646,0.03228703701615419,0.0057500832538348035,0.04511100428916911,0.06867722871494471,0.14125373226856763,0.013143008703622283,0.18611687004109853,0.08276561068329752,0.008614193653561308,-0.0007791676292824099,0.04826947618448946,0.0020178965796134873,0.0244127978859016,0.08457669969286578,0.02328764807464484,-0.0994613473619509,0.0542114926774897,-0.08741865759911338
247,-0.0061878348303716635,0.04992258612857446,0.030599224145765103,0.01937932725331748,0.08516680597226355,0.07830814847895289,0.06787380070328021,0.07089556869156617,0.014323845198888444,0.04721409757546583,0.05479610798509915,0.0025856836025912044,0.11202677011975191,-0.04040477565521935,0.025176343051657203,0.06757799893147949,0.05777617007972745,0.08182850044940781,0.02319860000902376,0.040892233530655374,0.10904741280152565,0.02965140005900887,0.08746280194087952,0.005603235374284217,-0.06935715017529683,-0.034050265520169654
248,0.0397506492000315,0.07567255781880815,-0.012111852773284934,0.1145979281946606,0.009999076137169568,0.08957710871690644,-0.07408665767140728,0.05359102980906457,0.017786229044418216,0.13529739121102394,0.06119646894802263,0.09733332222122698,0.06060293975775797,0.1143251003562961,0.0971386110756725,0.00963698121624873,-0.054487601784509156,0.10006623383289699,0.03513537099256966,0.15523980669528062,0.1388331238607924,0.06436314448250947,0.07799576592883799,-0.025063306250785327,-0.008098528145733494,0.06848123514865367
249,0.016512475602932047,-0.010269368745519925,0.08886933065646217,-0.11103467578656112,0.06548397542227617,0.0019110832720026782,0.04633375211214678,0.008963583026604494,0.04544212300121301,0.12930495484607976,0.015122382472101015,0.04424299554946941,0.05877800244251171,0.016848647190285244,0.004606287313513313,0.04792378687376225,0.06746956031441918,0.051205407331607423,0.1186293389789597,-0.004979806548433774,0.06368468202463297,-0.08554008313332523,-0.1666401317354721,0.010092310929025183,0.03211950349166091,0.09252274854249733
250,0.08836123809958181,0.10817026791403996,0.09191820897862563,0.07283430652707168,0.04954122755967053,0.044381227323030736,0.09416883100462337,-0.008916916504497774,0.013697370509963946,0.03494943817275564,0.08213503718191262,0.0958416350348264,0.007485681119200578,0.07984920725694668,-0.001551782146367013,-0.010471549878515025,0.05303173882571344,0.03346310984815594,0.03265801069746014,0.15209849724574412,0.02400818631685416,0.07594260757176134,0.00901292897572381,0.0076951534523745,0.09823324496275472,0.03319323735810614
251,0.1371902686660146,0.05878190238818158,0.04243928145101078,0.05107534414103968,0.0033312911844646607,0.009921581194138662,0.09879075158040458,0.0825272937841266,0.026968649298784952,0.05364796493803078,0.10150400132581673,0.03449247891147106,0.06509904711472775,0.04956333434224861,0.15350746591657757,0.04683356031081252,-0.010992746957065905,0.06390578113226097,0.023718692105416255,0.02062516276568497,0.06515460247007578,-0.030548573752799457,-0.09574104824895928,0.03544431367725962,-0.05941827874398261,0.07022672662635272
252,0.016028020362706674,0.03545222313785109,-0.011376787317634177,0.10902099538848875,-0.08692130426222093,-0.017027660074676394,0.05492015640749861,0.04976339728011634,0.09313901086497416,0.07880957358873207,0.0035023014634446206,0.13401265573490787,0.1016119050019864,0.05243738604728219,0.09925413480311868,0.05011908046850098,0.004717458303736266,0.0893058754457398,0.016375272569956096,0.060440170200075104,0.03371955634012066,0.02009189714011846,0.07480254415852834,-0.05289307732214491,0.03699326584810033,-0.01413569384414696
253,0.11444004751519549,0.07584222326148339,0.09155729313723969,0.13157762261520714,0.0359144631751465,-0.05681332334104716,-0.05223697003968414,0.030068639260521834,0.12418767302568144,0.13735208281725067,0.10711116071907197,-0.001894037398664302,-0.01959211824219344,0.06098842016289585,0.1623147495576682,0.06805456165390555,0.1058737810500346,-0.049305203496180526,0.0876992666369818,0.07931496066375605,0.07672406940064158,0.01824257245233653,0.09494542564563797,0.00763205693590104,-0.03342011627865277,-0.04108233439688295
254,0.12827209620069857,0.05386244854057861,0.05831718151525439,0.00768656177262093,0.023784270984250788,0.08302891177220062,0.02405753625006899,0.04105946213933542,0.07564782868616847,0.04090842505573981,0.03018751438200031,0.04725784449445969,0.05638736600747898,0.029770965451242193,0.09374763840372534,0.053418869754513876,-0.012609380393514743,0.02646321006766006,0.09206311982315853,0.05828512514173234,0.14059263106852585,0.05085729194065138,0.038534626580662236,-0.06392311844579879,0.03180277290303294,0.07569967535698031
255,0.113489247540889,0.09531812873564505,-0.0023345393619614106,-0.07607973196222813,0.07710159532582565,0.05483835789385908,0.15609470969482614,0.0751939385455976,-0.0001693525889346903,0.0825928444234388,-0.00977062059902086,0.009526590235303445,-0.03743446987028759,0.049686469575015955,-0.07526184511676338,0.05405913607759457,0.08489538435135957,0.0865834790279622,0.06622034696299427,-0.023329267501906482,0.08701565441606297,0.09333015943545486,0.026214047136689955,-0.02101558234945892,0.0019203235478704546,0.07777306687776418
256,0.07170946675544367,4.83936970005483e-05,0.09846063116306993,0.03699791457074971,0.007291882583151406,0.05639731023392447,-0.017706586270483698,-0.042647959455325735,0.11606075879866252,0.012476805468792911,0.044388952118287604,0.0018286804902908533,0.05518627868263043,-0.017896362779189656,-0.0054579252035200825,0.06555239736850182,-0.02940622267323889,-0.12118415319207014,0.03622908817094561,0.040405737701050236,0.03879499497785255,0.056140102109567915,-0.007158536172593747,-0.054547716774421905,0.028020846344464594,0.03198222370231366
257,-0.023415563461972693,-0.04979105044565576,0.049439858322420115,-0.051935704959399066,-0.011773334882646572,-0.03592666368353962,0.13332179259785945,-0.021542791241745872,0.07918395703038854,0.051812010338095495,-0.0021765005720386643,-0.0488851875532695,0.11059026833490053,0.02268391314764645,0.09981768853339885,0.010211385035970522,-0.017041427349521004,-0.010734874927434745,-0.00045735775720303143,0.051052833345104576,-0.005506172320355181,-0.05375272879466999,-0.02618733441924385,0.03047737047472867,0.011452459529271153,0.017989880549340885
258,0.06565423164026814,-0.0969935925124441,0.09123258513943273,0.021169040331440476,0.08171790598149013,-0.0022751611906779066,0.03139819970804721,0.11483555404235386,-0.0061010902053566145,0.05663833516481855,-0.039241524606297394,0.08285233497509699,0.10373375835491681,0.13911047995067233,0.05795025215203786,0.07109592112771441,0.04883232444520994,0.09483211938852061,0.18580853076571777,-0.01332851754644367,0.11576191922307615,0.14711314295567318,0.03601145617152426,0.04957948483457192,-0.01850830109968271,0.06351286042363613
259,0.02758498752970917,-0.008716600797581648,0.020481819801773514,-0.030127952266110404,-0.0002822624376864029,0.05436084403124708,0.08054081907156224,-0.057112378098712446,0.10103792615551645,0.16158174959353752,0.11302731126066706,-0.000969037670874732,-0.006946043449396126,-0.005179409204250918,0.11126022174688492,0.18620964272250615,-0.004390682152963676,0.1247820291973606,0.004373721025642596,0.14807727814652194,0.06509348911007422,0.10064262091270408,0.00950602495195894,0.02071191053543453,-0.015933240746588733,-0.04982777356016357
260,0.16326991877257319,0.052195821903935014,0.06740810013800835,0.011579505069685858,0.015738391438178123,-0.0489019275434471,0.045432222414487265,-0.014456647461219477,0.09801893227526604,-0.05042719850213415,0.05687099453684276,0.0019855222674323714,0.09271316131532666,0.0395603780852114,-0.08263363678259887,0.1383527525227224,0.0056335778695982275,0.030970970549611915,-0.05054094657038664,0.05213821595746896,0.09173972655831691,0.03042109162654612,0.008302697892424197,-0.03577244722919289,0.056677902226284216,-0.004378674351521209
261,0.008865832706551243,0.06586922602873975,-0.009268595085619854,-0.008121587273428118,0.1062032416898626,0.047236242410276554,0.06821660233723154,-0.00620283359903212,0.022717632378269292,0.048542355798180004,-0.11296271251822161,-0.01926738731329484,0.0911886279619516,-0.06485690678910509,0.12187823153307648,0.07899821005946099,0.035669712775488215,-0.025826800460811927,0.08257614315829233,0.03040422419772963,-0.0383914470888812,0.08057069485508163,-0.00014073945089854156,-0.06545761427363268,0.10879082214467657,-0.09753185834423228
262,0.06173574188668052,0.027065867826650325,0.10112942802082114,-0.000865393045456094,0.00952702427964865,0.024818007620985127,0.02344144356299797,0.09547608287948754,0.09052219600074429,0.12550253031652547,0.14750486464826554,0.03162575202217791,0.1486528321651548,-0.07000680889955092,-0.06729226796289571,0.037197759884585346,-0.005562780510109814,0.12078019247637511,0.048251483580668754,0.013852876507876144,0.10997438639878698,0.036265201268443924,0.03846166006753994,0.05682582391362323,-0.07709250787601012,-0.01964644226906672
263,0.10907584556702292,-0.03729925339501172,-0.10189956825639827,0.03154789109266313,0.023463664225597796,0.03485618297160179,0.02323027833056564,0.022896102612475287,0.0013370578507526283,0.019809132151206665,0.011691467485999548,0.061341491269046235,0.10801793748802889,-0.05219970078221118,-0.017617498081283173,0.10729826432710772,0.03383188688966704,0.004905016219191667,0.08346360644268636,0.09011895112270556,0.05831156997709854,-0.007716245231857229,0.035346267788293306,0.05622630228178852,0.09355748636623408,-0.031525997879828904
264,0.11256509209245001,0.09326669825770141,0.019514299267368695,0.03162049466572964,-0.05797349354327558,-0.03046216970698349,-0.07780804852918495,0.0669985178636756,0.07828613122695559,0.06548085454371562,-0.04095962965522441,0.07191192393791869,-0.016882076430819702,0.018253808053363185,0.11409125118408832,0.10466709288209063,0.06630712442460164,-0.033680980137683635,0.01820684039417268,0.055739062480492575,-0.003946279710562384,0.019420886947491812,0.008052183406091004,-0.031961933214868586,0.05941008413083034,0.0830762748474958
265,0.07049989199884003,0.061782689722806004,0.017653028634780504,0.081933903819035,-0.041888009498431265,-0.03694005801883206,0.08470158156616443,0.08741466191324261,0.0026145012844932354,0.016686204287377514,0.09946202513906578,-0.013225983066295632,0.036163138054983834,0.011901497187225996,0.05579759192770393,0.0930222041098188,0.05038775604771399,0.023961676324392944,0.09769453905141601,0.005131627910082777,0.013488310378349504,-0.010269914331175467,-0.040209686985029615,0.06173842375820756,0.018612107225457624,0.008064005371540412
266,0.031343464250742116,0.04177263070136816,0.015522220030530276,0.044946085498344744,0.021955027290815738,-0.006963729041199851,0.0322035367826893,-0.005030483243814572,0.08318049998323503,0.019346675049430644,0.05841782012451633,0.03391497410375619,0.08334907334587917,-0.017423374114945583,0.04323380934565211,0.049156256969480915,0.011714438887942897,0.04171176413991129,0.07451599075625571,-0.0029168324420303926,0.07725905214553448,0.07750980301848538,0.014652011755729295,0.1272299676670423,0.005806832107037603,0.03223765172921746
267,0.022820696903479043,-0.026965671483744996,-0.015384259696033298,0.010879376668541552,-0.005210360855558223,0.06085119467707323,0.02523019214553877,0.012488377520127028,0.1376554488018831,0.08077471417552083,0.03572880458560921,-0.032339470531374204,0.0227495719809368,0.05489820670211365,0.04976068623000055,0.10047255933883864,0.029013392081605176,0.04502060801701017,0.1291251198218721,0.059863285824043634,-0.016133318040201072,0.060559138845605785,0.04894386193737277,0.06589304525063162,-0.01788418237082508,0.0072834105010760415
268,0.06591569432898002,-0.021145418536845113,0.06584340512952878,-0.07120609140008073,-0.01300240268741824,-0.036809267137407765,0.04026986039457089,0.0651988111932348,0.04460100983545234,0.04473412300341765,0.15060550226316496,-0.03804065060254772,0.17216924094053956,0.0733737085027402,0.03848978345082684,0.09144444233736727,0.025721973681717396,-0.045177002993422165,0.03575820753461836,0.052765380416025964,-0.1204930480449392,-0.06504510543126218,-0.06047920485724895,0.03686501027372783,0.05796501885583916,0.029514123752799198
269,0.006489487444255556,0.061384279449319734,0.07563283549604054,-0.023348217688215916,0.09778298755051017,0.11030702888010295,0.01220850000800496,0.03325856337834306,0.0218394817358325,-0.035239308364946965,0.032136507501431245,0.012954777454794545,-0.016751565489893594,-0.0007879815217763559,0.08502659101156572,0.10696179205545149,0.018707349143223216,0.04254210257826356,-0.038279888661333826,0.08395004271353297,-0.021829334033965437,0.0346503690158644,0.024390820946343983,0.019302793683299884,0.04282971075698442,0.14788923801048895
270,-0.004994925320715123,0.06463278146307593,0.04881844893375542,-0.01902182828958184,-0.05420951594806811,0.03900526092016345,0.07680374670445406,0.044774666300553344,0.025476156249049864,0.05250614066059639,0.0455609332656583,-0.04558918179936953,-0.01166919041094372,0.06846960598104727,0.009120244255502747,0.11395353783694555,0.07627849585802189,-0.009853591064991526,-0.08365613500881268,0.11089443390171298,0.09235567724988185,0.000910620925057374,0.012194850994072193,0.14340176524924042,0.08153356301823318,-0.02121848750981133
271,0.07816072726165703,-0.01203378591933646,0.020443390823268702,0.04376479982564341,0.046141853246794096,-0.0988430923470201,-0.1643888570240275,0.007003479657627432,-0.02652265332444163,0.017361558668001154,0.07079228195583871,0.07922407343126324,0.07070038232115687,-0.0388754674785232,0.07943459030341778,0.13577388268366442,0.02232926063844226,0.014406752683112423,0.10411805036337989,0.10717260028378539,-0.013650110749133268,-0.02928194990035508,0.023260550326411205,0.08421758230794663,0.03269319505032955,0.09600244441903706
272,0.0073958422313235754,0.05160158190801284,-0.030368669668698927,0.010550653244668065,0.02681828284985695,-0.01304964797442909,-0.07412861125617909,0.08785864314155611,-0.037734666553138285,0.035216444626945474,0.0411402700450999,-0.05003051311695208,-0.044512991748208,-0.052785390329751325,0.07622905640231863,0.0029259068311537164,0.10821782820840446,0.0223596970290047,0.09300109785074445,-0.009820146140176364,0.08334784931036669,-0.0032851302308218124,0.07564555104615556,0.07567794199599252,0.08331488123108122,-0.019511574928992376
273,0.07337165267415689,0.1152777799694099,-0.024173969679181468,-0.0034211930319047457,-0.033547192137407346,0.07668101446321869,0.06109777529234802,0.11490229897550404,0.11620272045498166,0.02698166378667451,0.06911547914752773,0.020633634657761617,0.047222151018459814,-0.011956955432635771,0.025665983519995807,0.08560180112788222,-0.007650722126791687,0.07328905238928757,-0.011807023532190541,0.15819074229159116,0.1302995814056994,0.0466688713027951,0.0564034935175143,-0.027269266823838862,0.02375810268393867,0.11004100079869626
274,0.040288849727349765,0.031207444470791896,-0.0066874199996380486,0.03581901316904973,0.09831688638908243,0.06470117366837862,-0.021301287599768272,0.07033106138708523,0.06424728340216053,0.025585675430787345,0.053415723063657564,0.007775381149057995,0.09585019335204825,0.04119706944903704,0.10564211732919586,0.034039133545223865,-0.02018079490241918,-0.007976464815765232,0.17376078263034897,0.09376310288383223,-0.007454481104495611,0.11889169124627562,0.09030455778483897,0.04686894831439662,0.1464779895748062,0.02236509822993264
275,0.06445798727108991,0.08384618264868793,0.03496944845022073,0.007235595831359946,0.08957193664122291,0.038726382587764785,0.10737425270588923,-0.013461433586276514,0.058279675306116496,-0.0696275167815699,0.013880110651199576,0.06848601654307453,0.022786813730280797,0.06224266964028748,0.02916248024379542,0.08121344274032018,0.04412490414603839,-0.05237958427287944,0.17828336144194243,0.17786560090164116,-0.04759952165215736,0.0436891051952053,0.0069475860043861455,0.02771731332764908,-0.045397913216217854,-0.07273457349174144
276,0.07426432515287724,0.042850000430117496,0.11150937019611158,0.14375826587448956,0.030563602985836567,0.07154500182824164,-0.02541674758630197,0.07618648074197931,0.06879663934897857,-0.016197478136719474,0.013068368116527822,0.04578032756737591,-0.011917423627008556,0.06305656769405953,0.005016568199514274,0.13582008223043798,0.058459595251471354,-0.038109243953859305,-0.018299574015847732,0.009623856825518473,0.05617264285218979,0.07938687541104854,-0.01763794264575615,0.04223625328664123,0.032594279974534124,0.05720613904133902
277,0.018995682832096256,0.004948188284357355,0.06554362738427329,0.1126837221112693,-0.00463261787983843,-0.028062413695456773,-0.04169765219678941,-0.01184395259335913,-0.05818261375256153,-0.008540350716747136,0.06340902053374249,-0.022709882421009724,0.14259575795277227,0.0022663081377767473,0.12176154845220295,0.0953135403811252,0.06446300697243416,-0.02306208434562862,0.04982498720949755,0.14994852559240593,0.03373748502278088,-0.10810687447444654,0.07434645368346932,-0.0525739771437026,-0.0011543545934062927,0.057202346373823966
278,0.10406204774773513,0.04522553886396147,0.08738254806567715,0.0709804309479918,0.02283979433372039,-0.02937697765213968,0.05906666696140882,0.03983252859240407,-0.012102343128590229,0.05115055215192904,0.0195930550200624,0.020120653280933785,0.14032582432036597,0.0015089289581092975,-0.030590065985846127,0.06467534856607317,0.03580440439750632,0.08529727534222074,-0.006490229884526022,0.18889398680641295,0.12487153085772218,0.06723350458473375,-0.023959504759704115,0.015319909783713337,0.03616282893911064,0.033587615756700016
279,-0.013771716138402574,0.07409798994010743,0.05864471452138326,0.07685427590303588,0.0645562901497699,0.059689258553549174,0.08105643187805278,0.03164204861060318,0.012126673022873383,0.017400302543696698,0.015071744266694406,0.024684848570603046,0.10794697172451918,0.06610134825112184,0.007928412022944234,0.16311632038825216,0.03501753387299137,0.015419168730796257,0.13254215762545057,0.009205846939161932,-0.01670279074701601,0.06245436534832456,0.00815441443825038,0.015293694938691796,0.026423440695063784,0.019656338207666584
280,0.001292767137938152,0.003938731675275328,0.06397086928341617,0.03506537787798564,0.08085711596030909,0.0983586034653368,0.05417516663108578,-0.046278385726353954,0.025940194912692355,0.0762130834917611,0.07112076886056808,0.07263504362347835,0.07706843738472229,0.07306550129776339,0.020723414499518568,0.08823267818651298,0.010183789344795116,-0.015978379657250984,0.04811232201224051,0.05688345946006453,0.062391311876484834,0.11880051711462387,0.08861136342543069,-0.012032002071436435,-0.02773348951213746,-0.0831276646028311
281,0.042340730204944665,0.16701704415548563,0.04326864249350265,-0.02083673195123429,0.12379091996671455,-0.04528769958709874,-0.017823502867107932,0.06549390599596244,0.075960358323242,0.13066365679402905,-0.02649796309695161,-0.06600538938206414,-0.017819646089739904,-0.05703400638421927,0.03764918968905332,0.09984571968685076,0.033050635802009544,0.04693719501811235,0.052335899553661726,0.15649922142610306,0.10522637445630068,0.10367731995855069,-0.019686791586564684,-0.0605319559034995,-0.0267865174309192,0.11406766088244776
282,0.1554646650856125,0.038907154961947854,0.08352136657658706,0.06204578585324627,0.05376532223800745,0.0752815336054911,0.011568997145882517,0.2195448306754351,-0.022098840284347294,-0.0019510441275264103,0.02418690848051258,0.1204688772362373,-0.03583308237107802,0.04659223412154497,0.04367905844620314,0.10592797227473703,-0.06597686825083966,0.14552984032332153,-0.011856553374372877,0.07481634051972258,0.011341903187872593,0.025602761064215256,-0.000289076465830318,0.03365993518071564,-0.06678044600135534,0.08836716802173805
283,0.06429724999475216,0.06918619841630495,0.06459091954362921,0.016356673718716498,0.029209868653088424,0.041297079007076076,0.10258850749746203,0.030557114700817158,0.020229459167428465,0.10083298764917016,-0.0069916200678252025,-0.05101380205677134,-0.03940938626555438,0.02445283877061527,-0.03692000807981932,-0.007883028445620907,0.0349365584703209,0.0630176562671972,0.12263577267088503,0.13224928707578387,0.05963849022203208,0.13012644110389757,0.03215144510571303,-0.025024774750616468,0.022268889405350194,0.038765894498987354
284,0.06360331526978168,0.09260008645371139,0.0021695063297121155,0.0077423907129803475,-0.0074217493854252985,0.017729827089207877,0.03628917143733027,0.06411178337620597,-0.0356356265579695,0.09337769061257685,0.017143325031304557,0.09980934362091637,0.0038650510140601315,0.1320200849348997,0.17583997049954825,0.0511476426107213,0.04549402492514446,0.047964763821874944,0.1513321720067161,0.11592409701120315,0.053504569289621516,0.028385273006105643,0.00044553264593973595,-0.0023607299575941023,0.04286881333096263,-0.015919516293265806
285,0.0178020842565896,0.009754498330965847,-0.03228159301234298,0.0001552777921607166,-0.03352492820485372,-0.14175994181948035,-0.0665145893795152,-0.008482984313167094,0.11521310567414979,0.10376689692456613,0.03241940440485521,0.05185634103010047,0.04398201256529614,0.005880733506614055,0.04075312254581905,0.04031354579375849,0.008213161861631827,0.12968854351312845,0.05990865340476577,0.20342442802403882,-0.008548186867151402,0.04567289603783211,0.07564978298988068,-0.02770823990360118,-0.11366656525828817,0.10271214721483389
286,0.131181303897877,0.06486198624776834,0.08428796160209545,0.022585284763102658,0.09845338247419015,0.0009121965836386501,0.07239873097861867,0.13075695632850057,0.04365432297740993,0.07123264859355262,0.04242416078127165,0.003176324776019664,0.12184117157129647,-0.021351636992259837,0.11230884140259835,0.10494880053115063,0.05891940671296434,0.02875834548234283,0.020617835684959063,0.02056524952248669,0.11847373845191657,0.009158852413277482,0.02539592165363262,0.06329123995994983,0.07089506122977864,0.18092256930204803
287,-0.09016047864988884,0.02685763169311865,0.05954910079587559,0.06569531526278706,0.06273893813724164,0.041210683853783646,0.07961193235411496,0.04183555421401597,-0.016528575532768264,0.014010542715119218,0.17161473791112902,0.015896446497485932,0.04074452243727078,0.012574498897036249,-0.006463849511386066,0.017387218529258952,0.039361524845330474,-0.0001715293594502324,0.08835580538735949,0.008453277534143008,0.04156283537972956,0.06562044371153399,0.02041872391130206,-0.05791222289382375,-0.03016609451810487,-0.003760378035257528
288,0.012589103176780561,0.009062357827426834,0.04524033075362536,0.0012006722474198388,0.03196228961492011,0.00021353707187754534,-0.00028897531334528236,0.09188061182830805,0.017033335403734196,-0.03000578315853797,0.02902451251258407,-0.029221244051612826,-0.03983704276771668,-0.018830364131794064,0.06988426195899432,0.04271760177977775,0.09937818687843784,0.040362037382754755,0.018449218630854712,0.10011416284656083,0.0683224192421981,-0.004241902878268903,-0.18644332539339498,0.05922403151874846,-0.05632025432577618,-0.04816342969951829
289,0.0866142790789544,0.051393592282673706,0.022844241725403797,0.012811511176325932,-0.016344619848499588,-0.016823913557865666,-0.009578581873460798,-0.014626590247039403,-0.03621441392529915,-0.07569449730942403,0.09201699415689972,0.045251202658787536,0.012477545834256384,0.02915798385823472,0.03815178415276967,-0.029370079333325805,0.10431670584772908,0.09143640588300828,0.05808312820674353,-0.0458101700832658,0.09676816063208267,0.0727536078075866,-0.011612675141056758,-0.08907922534998819,-0.04323914824915457,0.10830637249367113
290,0.08784199930176896,0.07060718522551451,0.11939231295604306,0.009564166209557948,0.019533666953835276,0.005807787333390491,0.10691386411229757,0.09986770152784048,0.016999739182306833,0.004558157925425336,0.08292425344715894,0.03328646490400505,0.009111638324243554,0.13648926651801313,0.11348583689405885,0.11119686044876427,-0.005146974334612494,0.057773666844481375,0.0546870271007394,0.06757285445972079,0.13164566339024006,-0.017321560982494672,-0.0350627410828697,-0.012868063306144688,-0.03525822831541133,0.023817402232581386
291,0.027472323325688608,0.03951059569502865,0.05573380832468805,0.038597776673789164,0.014886026774787528,-0.011563938229393628,0.0029725359031561966,0.0657934092269491,0.07989535315103764,0.08895531446365589,0.09948691392756974,-0.012752314383144264,0.015190464067554013,0.02339225393664337,0.13631525268155195,0.04482544928040947,-0.016119251861403134,0.038361290764089395,0.07961586099661501,0.053642845930356065,0.09262633895809562,0.04268042116131848,0.020534808155183455,-0.023095887118156355,-0.004360900367563684,-0.016373994006387466
292,0.0001444737046001161,0.013216678729009779,0.0920591389888805,0.025789669963574884,0.0183797166069614,0.05473343858137066,0.03875146540069219,0.01804279301967639,-0.01986872255233796,0.11859599300782869,0.08728794301569402,-0.05548764558651533,0.04289124593104252,-0.011205650711830661,-0.0013544306031295274,0.01153635375270608,0.030021043081818837,0.12922651492539083,0.027868393807014648,-0.008747800179720138,0.13331070867980913,0.05439748288236631,0.05787447579545409,-0.006861139159442475,0.012483859488903553,0.05756934259142689
293,-0.009462781291395328,0.05204433859364884,0.11146887785508124,0.001897502178776082,0.11127871803982792,0.00829631690839061,0.092702782872037,-0.05470861128312262,0.04587358302781056,0.0740449254996149,0.05134210335746118,0.0015699922602303209,0.08440026059867034,0.061054020816385,0.035485135985167816,0.03314004213789288,-0.09025974095415201,0.009159478436801241,0.02011839899497688,0.10935240496627374,0.005674963141058438,-0.08287685852706195,0.0010062581834396531,-0.015096843982636627,-0.01470739611936156,0.0960058000182938
294,-0.005704367771310744,0.04802859645738892,0.007475157938781693,-0.003095661175441947,0.09826376865918364,-0.003112997574383195,0.04822545629372301,0.006891413200855401,0.134956999670563,0.06465954303519218,0.03708605449874982,-0.01252701072304461,-0.000718882129305376,0.0807814498082386,-0.008463551926797116,0.0887270834439123,0.09543508820845692,0.018689057818838117,0.0808784448283713,0.020595513266944143,0.06505484834498877,0.10213672651534661,0.014548014597678183,0.02540501050840584,0.003245633899374656,0.09200044854508972
295,0.14332221136944379,0.07657516896124685,0.05994187767140169,0.10555498685429937,-0.04939622540228966,-0.02250492768977826,0.05489058348173407,0.05434621395098645,0.06340995785353931,0.022452108637779578,0.15268951832875788,-0.0019442116814764043,0.05920285051106814,0.04188653872798459,0.04506413656971044,0.09009920618570444,0.02689357373555427,0.06547108223946098,0.1476454888258531,0.048781457188515245,0.05763507935158454,0.07338192738687117,-0.004602403415675582,0.04551728629499765,0.011275038597517772,0.03984402378212637
296,-0.027577733728040232,0.08625250880433112,0.023607744635951628,0.1265213527925334,0.07818625213695364,-0.02196992190857196,-0.11531923148278078,0.1573661776557304,0.049641285493726296,0.08954770529375801,0.04127348782801458,-0.03507374154048818,0.005623931552962444,-0.04847687370846249,0.036538288918964414,0.016430406218821636,0.008903095632175432,-0.016280787149317206,0.11757098734311174,0.1191383333009397,-0.0762648796014791,0.013276584033858712,0.04289437027857579,-0.12449565708647885,0.022484352272122348,0.1204492971209949
297,0.05855556967721572,0.09493559772469805,0.15918878594006516,-0.0008174906983376418,0.02415584818966447,0.0027440938546794778,0.029966570093938417,0.009544749505137359,0.1372316164417762,0.04117371193543422,0.06341997474554534,0.0798364940750665,0.017557886797511617,0.056698141516836185,0.10879916185995821,0.09199264872296446,-0.0034723437209650174,0.06731793153376381,0.0016019485349327471,0.02255438643499656,0.057135953434486776,0.051178707550860326,0.034315404143194395,0.1854253894415378,0.026601509266586387,-0.050579981968923916
298,0.09694811469496044,0.09551949057971339,-0.00933966903867911,-0.011075497749618246,-0.10617100396786942,-0.002452103823881946,0.08153357840098778,0.04457186793214498,-0.1112448539188821,0.04551373580979723,-0.040831506163858056,0.006335401804724176,0.012852302086999723,-0.08718435667169062,0.08985095819548909,0.044812750301090186,-0.07284681429103185,0.10734103377011872,0.004388266504538459,0.06569375955540935,0.10869872808214143,-0.06882143920479507,0.04904264911395795,0.152212430309101,0.08458004758322524,0.07703918892529159
299,0.037650866084166255,0.058144775747986564,0.14765903133207708,-0.03467147500416164,-0.07268731826880288,0.052753124168488576,-0.07836922577254173,0.04528961497428722,0.013768051677078324,0.1214946236575193,-0.06597853803496241,0.08803096856161474,0.04194464949772244,0.11338457687822541,0.057149024777630605,0.08882133059882431,-0.012014672242411114,0.08575619974706122,0.139828282567477,-0.06300534719668842,-0.010786039020083793,0.061899756390635885,-0.020833596310827835,0.0702707347801239,-0.02021349349600987,0.0640835446776173
300,0.09129101222030019,0.0831942664086962,0.06658212512801738,0.05145728235677081,-0.023439729855212588,0.14485727338538135,0.1520839164536059,0.08008520068860732,0.030968995052459647,0.10813131027273033,0.04264686362706627,0.073061379905153,0.02187262502265099,0.1248198968021017,0.1525422785310651,0.07061309013874402,0.13106837156631984,0.10329419753105591,-0.014642300921652548,0.10793066045451721,0.0768826819700858,0.0002054545744665983,0.11084569635510422,-0.03252283021728534,-0.01764269562863474,0.07896977386572117
301,0.15134999380624672,0.06750721117944458,-0.003768924607874702,0.027391457922068485,-0.008752928871987734,-0.05088388714722406,0.015853992827464098,0.01702337509737728,0.03245312408675568,0.06866890107618571,0.028091418780329024,0.08370508611433253,0.04329313911270671,-0.03406203415465884,0.02859922043255884,0.07515206160210752,0.027696109860643893,0.05347076529163188,0.0515438990562741,0.07966370410169442,-0.08984802627572502,0.04033873250218889,0.03142280426783404,-0.006027014412065065,-0.0231515076355302,0.02698994528117308
302,0.020344408587876246,0.07337943570494154,0.017253107621666562,-0.02357486561738672,-0.042363130650990455,0.004545685822632836,0.104836517430085,-0.055071597815210094,0.06808379089097638,0.13727059326066163,0.10503428422920436,-0.007626240633242428,0.0704861122101691,0.017780563828402672,-0.009980947485281721,0.14233494414480496,0.169898918585945,-0.014850413198285931,0.0842456371566465,0.011072421047421122,0.09597628999708609,0.06696108517573553,0.039164879471894544,0.042008488099072115,-0.036000748056028264,0.004837510949365391
303,0.09844532083223594,-0.026240543422271573,-0.023114355299659977,0.07049277103735867,0.0854769962565088,-0.014310590162451972,0.10198723204618226,-0.031508877027180936,-0.02472441937271432,0.08954482974435081,-0.10378681450190304,0.03247187651572767,-0.005506742410189669,0.037461053463954376,0.022419901007285047,0.045073008695716434,0.054121967326036705,0.0010567802495599077,0.027388430561849086,0.0507264781482159,-0.058337394123640696,0.09400473055522668,0.11876157840950881,0.07633679339119281,-0.024087250353793943,0.0655850598220633
304,0.05499598313060278,0.12564660894950005,0.037082556257285716,0.007254674706920853,0.02742128940617028,-0.005909591111373976,-0.013946906821106424,0.011430305315631347,-0.008533207884210655,0.005686902529764892,0.06173651374461705,-0.01920295975374331,-0.0036244102770531432,0.0808270631747079,0.03449167250637902,0.09012956092470203,0.039162122501218435,0.06441575871958367,0.05906187455943076,0.09019535188971685,0.03218258411518563,0.044615906060158916,0.05900459097030454,0.14306787891250364,0.06521615628095946,0.15866129448719826
305,0.05986093321494986,0.12811593450483685,-0.003159932596014733,0.019760055630836194,0.09840978882858066,-0.0282746263936899,0.052965291532977576,0.1657398761275093,-0.038701482547361776,0.08662051814169576,0.1070576469735573,-0.00993310100181451,0.06054322267076654,0.0011784426359012778,0.018697275185616962,0.0670570236334611,-0.06628648381142638,0.010658328825301117,0.09337631022417596,0.08150697645537923,0.053882894142794936,0.10116954048653966,0.05987823538037559,0.06092043416320738,-0.029818532847667112,0.06827978077947637
306,0.05449091012029337,0.1005180295410207,0.03231503810870606,0.00012677424754396413,0.04906907934758192,0.030936470644942298,-0.03933854924236015,0.1000212850562346,0.10885656615605378,0.030877172854154516,0.061595863108304116,-0.043566239076826475,0.014925957212858294,-0.043236162276326595,0.10935268305707128,0.1010150910463214,-0.0339025356340284,-0.028018931539852944,0.024506228156446097,0.14389956119127062,0.08929795073577233,0.06200204538408146,-0.04856187219230401,-0.04582957486968572,-0.04023346386799618,0.06004714143677361
307,0.054727410567215605,0.06846883213624415,0.1460552216670058,0.03578074103214174,-0.023560288728109408,0.03298581865466058,-0.02045877984669292,0.007455647270066368,0.06630858984195907,0.008601295125296393,0.019078836070751004,-0.019825429581871817,0.08576662323919192,0.07018517810254553,0.08448072992866636,0.021631099533894048,-0.019852691781140575,0.09045324498027081,0.005098013004891971,0.08718008585463304,0.034961035483943026,0.12960760171617466,-0.02748180153295765,0.01776523346709539,0.009392318741333302,0.06368057411571593
308,-0.014702423305253972,0.04459783018554166,0.07500840408409022,0.06220122428592523,-0.02050149890886275,0.031546989538809446,0.03643766734600806,-0.004446958833574932,0.09550026649018639,0.0034087981408775034,0.08453728882536167,0.01822057810025135,0.17029039445788355,0.03871655706500279,-0.036168358847920135,0.03456070459849934,-0.00609565341892343,0.04281400192091269,0.09542955475001981,0.09193296964120877,0.01234501051277644,-0.14715199183928238,-0.02941227620909311,0.029415352083344264,-0.15054981048694918,0.014369790931127854
309,0.01922673425723161,0.04307805192387393,0.12353715409180728,0.14727100037204702,0.07114576207027017,0.12973226793547796,-0.044911488711400084,0.12906667728325136,0.034353618253954665,0.10942108196617388,-0.0021130361602980097,0.06735936407063459,0.07094387500948529,-0.038559958182197596,0.02867381422548193,-0.006343376643109059,0.03635707076229655,0.13913113292493887,0.035551074485320765,0.136014841847933,0.02878344683590043,0.10630387687394693,-0.00866050175226248,0.05551389937447815,0.02585161068867059,-0.05573202787345649
310,0.07581802373516237,0.03624501958334608,0.03630002503966728,0.09298222163624452,0.050142420160324976,-0.0174881775588475,-0.12910440922458802,-0.002934827032873474,0.050541153289434,0.07794298676780087,0.09059941053852823,0.008213397337855569,-0.039720478318065466,0.042172195859643304,0.09742571067562326,0.11066847614268972,0.05672430227533087,0.004111674161870841,0.07851847785844311,0.05463654949721693,0.018837852276467837,-0.02866401856928456,0.133267438689793,-0.0026902428988816824,0.04363389022353555,6.770953326264617e-05
311,0.07726161506977258,0.04528894386690702,0.0209361951649929,0.026085260602033682,0.023960686656501362,0.06446428817636207,-0.039546442829189954,0.015044508048010849,0.01349633387994753,0.09866554311410314,0.045189828104793196,-0.02970495859487432,0.10217124756839203,0.04153818614835161,0.16674630630441048,0.010897851995231042,0.09301860796684558,0.09432733299534361,0.025616166118872706,0.12362306607695328,0.14277348257805555,0.021403833139986155,0.035465806319558514,0.05146425906098406,-0.018603848761621522,0.08231907946916504
312,0.14969425637246855,-0.015115091793036514,0.1249362096424958,0.13278387477743092,0.11054261760569761,-0.031339031208597525,-0.059609517946317435,-0.010714534031969666,0.059404760447729354,-0.013846231046742133,0.053591499584035675,0.06888762286441961,0.07013360075485799,-0.015670017766179416,0.011022876615278713,-0.007035495482176876,-0.11883200951396278,-0.0027216587855181853,0.09527164286326222,0.06724625831633076,0.10213016809548174,0.08859932990397112,0.06467047954870075,0.088055333495085,0.07652883201767384,0.022579023532111962
313,-0.028333842329567926,0.024830283421375554,0.02619728006390857,0.029986089342402177,-0.030662751120655068,0.06175753393398718,0.05645368075252745,0.008166402527096014,-0.021197610366595843,0.12359949764953615,-0.06935319445928954,0.008010058460842925,0.13825043093054626,-0.046006242844808955,0.06402920092032434,-0.020388043858404054,-0.006313185260604944,0.018198343092561964,0.060847682043383235,0.04057022796486973,0.07955510690469324,0.026141411004072267,-0.035905729220296334,0.04052475174532281,0.04398614712521137,0.08882510425385588
314,0.03377483440317756,0.06549540441980317,0.0016840045939340298,0.005411748820057497,0.03371534615568259,0.03200472809462007,0.04198523760721686,0.028594221985283125,-0.031444689131747805,-0.020159555885029396,0.04883525234219692,0.016272388811985672,0.05219488736479555,0.05403212730213978,-0.04355272716984837,0.07552160552453167,0.05564310601779321,0.13445522918930455,0.09350137636192331,0.09952339678228339,0.0202892539301139,0.008836763935987091,0.023054245640708203,0.029646128738692212,0.053257342655901985,-0.0808963982250717
315,0.024721298658257413,0.1326357414656991,0.056301989110371285,0.018514623002626334,0.03363182884890605,-0.07320144970430605,0.007590400651023251,0.047490560626351375,0.04294837559901835,0.030365180990714058,3.6807051963572146e-05,0.061314441124713,0.016985719549244736,-0.03852260376296437,0.02911576306787981,-0.062464774127327316,0.0005977174291160736,0.07163357302262101,0.03584777997870845,0.0009544507385082688,0.2212921467138209,-0.019247484745893793,0.05535952466040054,0.009414133098529471,0.06677998184940541,0.1144957614816665
316,0.027518116310356687,0.039748600698353155,0.058836861134545226,0.07596141538304096,0.13469086654951568,-0.0005598745114083759,0.059078721756978,-0.024906083244373156,0.043641177806275244,-0.0015018591213857475,-0.00041129508268918547,0.01652230641953434,0.10642613185922,0.07115001813698484,0.07422456680603907,-0.009913648975527451,0.029156447418090276,0.012928407712292977,-0.08107521717790019,0.10347470929590113,0.028916114403819783,0.07375969507278528,0.0736375961822862,0.05018156203453594,-0.0022485520688797873,-0.1053552052343817
317,0.042232168602643116,0.08586879431117582,0.024336602231391724,-0.031087259695344854,0.0006467559796824451,-0.02986491538476621,0.0670591145114434,-0.06822264805674522,-0.12284055683901328,0.03975938929354613,0.09420981571298771,0.06913015668267258,0.13190842994418175,0.014270031023966456,0.12420484256610258,0.035523247382865795,0.0879078324916835,0.03233451780582861,0.09095167552304172,0.03340280766262449,0.056663422547677735,-0.0022577105589272617,-0.009646784262191824,0.024541406971268387,0.05212131015959496,0.06664121155427756
318,0.11190356855314733,0.07453504449486419,0.025995881219734767,0.0009950792808379738,0.05709326585700734,-0.035887685597447115,-0.0060565434719474145,0.04415228170439985,0.10098612634345644,0.0827383785663824,-0.004694235386844085,0.027998503992141544,-0.021669648008354563,0.04637275115366494,0.07665865158416783,0.023512407986979417,-0.015721371930792295,0.07628891751258153,0.013271952547394161,0.10009830494717716,0.06733901935119158,0.030591833224261344,0.0184794468493803,0.030242814003772028,-0.03203083227261692,-0.059376932780016045
319,0.11821083215330502,0.007499414569650346,-0.016197540739567473,0.038736835072831634,0.07103576905781989,0.16683848778610047,0.11784268605972431,0.0759585648756489,-0.0002767973993116164,0.007462567759938735,0.07368242488127281,-0.003934440113247247,0.017623010727534062,0.03500363168542677,0.04115334900059905,0.07919580752051059,0.10032647684178246,0.1343454465122694,0.10051386286926388,0.11978742974432299,0.12946945315215805,-0.026321839736487808,-0.03168227116305152,-0.0985958450133531,0.01980862161146953,0.11649302416794229
320,0.11156935748370067,-0.019121929666344496,0.09576994973111808,0.1619294468258351,0.04239261635179296,-0.005105740231798476,0.013396763628005699,-0.033312959446725056,-0.0004367712624419965,0.009787915139297165,-0.008466719271433424,0.10585517176586375,0.12163580825480179,0.07189041819025348,-0.0027324206096534707,0.13821211839904232,0.08223158729121806,0.11018731836529594,-0.016844021082450512,-0.0067319087037855385,0.010433388358008574,0.004417670454355853,0.03362441758633533,0.06044479885188233,0.005710484768752799,0.08729753830971486
321,0.06568161166159535,0.005657259295061112,0.013482119742891485,-0.0008629230326231048,0.13474287076145183,0.09488240918930542,0.06641982830263327,0.04615817429944978,0.059386267406777805,0.0802255078082847,0.044220766975543536,0.08107079608539851,0.008655704010389453,0.007398214030883661,0.034479278265006096,0.050877793347071876,0.039068025497289306,0.02235222201429834,0.04395036165738723,0.05466590358375417,-0.019094731823229717,0.0757005776549667,-0.018374791222851922,0.04652627814749014,0.020566313966346967,-0.031595909145780254
322,0.06576341502161594,0.04949685570751765,0.02406844319746071,0.023360963942283357,0.01285456178217877,-0.041164628027874316,0.01474320014468115,0.11457132173232881,0.10201372127962101,0.049951182412608895,-0.007204389353846671,0.061779289426817985,0.040244851229476054,0.004492238920225877,0.01797432811215246,0.03868063837673356,0.020071011080801615,0.0815653760428755,0.12334143199702173,0.15951581041619112,-0.03721980304496699,-0.015429192810440511,-0.03552385444459216,0.04059945250991768,0.013451654902219872,0.04778482168770911
323,0.07492974146263086,0.19091871270587205,0.0690756112049117,-0.005851138225952919,0.0964914573072217,0.022687356598245462,-0.017094701632663023,-0.003157827579090406,-0.013420624479850521,0.017743396451592675,0.021962538314028484,0.04692464130152518,0.09027691254292412,0.10922603484649229,0.13593415284748053,0.09943061053390885,0.0013218640559195345,0.037015234960109944,0.10518885215766345,0.009573225369394051,0.08918899884928676,-0.0799771182441981,0.004912157026493613,0.04272085474284598,0.055999067357542086,0.012014709666999393
324,0.056235699220887406,0.08707182571679238,0.03508892850987407,0.10651789225629721,0.0090347363110872,-0.03329037161877065,0.12601089231487017,0.05645226330523071,0.005659139986774124,-0.036656390402178586,0.12755211378549944,0.058152814470657455,-0.04127137069986327,0.07391476736362856,0.05913820858928892,0.04894013712639559,0.1110676585815969,0.04970176441964802,0.0679319163276406,-0.010679431419223414,0.11492851773154118,0.05121174902696766,-0.02939719479758392,0.04381904240362294,0.05738672212968402,-0.0666495405156376
325,0.0788185908725732,0.04679204964674324,0.08680039474770397,0.06558102438659487,-0.013664128904419409,0.09967033329349971,0.06807518603407946,0.021123417373026553,0.005582523818277471,0.09846631000398454,0.037333233562891234,-0.03460487563515724,0.06426334745380398,0.0658947429538332,0.07042749014454515,-0.004326943866797292,0.12563896280092016,0.07427630231364518,0.0741150317016297,0.06358280490422191,0.06343852795898552,-0.05518947739001371,-0.10998405890009595,-0.053385149240217956,0.07967969092627351,0.12480301276275736
326,0.1030027090961443,0.057797374934234536,0.13850809700440697,0.09603488934129578,0.050254869600261355,-0.051205828520742326,0.12756962064684715,0.15344902964186088,-0.06348144388723974,0.09643842483723543,0.06406724286099208,-0.039164565368586535,-0.0029461565326955874,0.05979833681425173,0.04742990059475236,0.09253471678702958,0.09595432800063868,0.0883736241259887,0.007678638483796537,-0.036109508990243566,0.11441388878617331,0.14462730691602815,0.07874325671012622,0.05566059312861106,0.06069329365698837,0.04953107019728716
327,-0.004113779881616449,0.08808226399584689,0.0868768219611555,0.03700209183914347,-0.005694385895181693,-0.006979445154285373,-0.02387774926581756,0.05599830800745862,0.0071420062107021565,0.05326832966079801,0.005780643813877273,0.07499715751703183,-0.01195567952466936,0.11663489958505502,0.0595955383855552,-0.03197631594992878,0.03795099565879586,0.04683462932807372,0.02640219041059368,0.20990594421236067,0.04299441137643267,0.05888730479333646,0.027855125130722524,-0.03654206878067021,0.02403687897395816,-0.022108554305410626
328,0.04595779644622899,0.08850097371983233,0.07120307604253197,-0.05785790771723559,0.04669673579189061,0.12717958134327417,0.0700517426637995,-0.053184088095627434,0.11285544310112633,0.06726184392650802,0.03368343128542647,-0.04261118212676176,0.03801374565083034,0.03827773737416538,0.009898502207591992,0.08163176619066427,0.11149760785814096,-0.06970704511836097,0.06442026054371149,0.0025159068112882896,0.06556137803432965,-0.08516652303794747,-0.05992679375109148,-0.022755909630042665,0.07383751234929355,0.03039605931566306
329,0.07433515754732627,0.058401117850523224,0.060318315558475444,0.05837294456923442,0.06076771712137552,-0.006869186493429806,0.1166187180243996,0.04257084794401441,0.06523238012492627,0.030372258491383437,-0.017073570364171307,0.15628553996402286,-0.025151486964340514,0.09262717153021922,-0.01856284914582808,0.07053774182840845,0.04306125503543027,0.13059607855102917,0.06394904729872099,0.08800347626490464,0.1526986485429541,0.05595800526030409,-0.001041595333541423,0.07918959766554612,0.012146030122328677,0.06462041835696179
330,0.04237843139910006,-0.011208613202766837,0.030411235434545734,0.055112686106731035,-0.07236121849426691,0.05373165751407031,0.012835297072778992,0.030103523403694342,0.04514533223524738,-0.010351596279116526,0.08758941832456872,0.023962097219003366,0.038814761780423236,0.07034981512659522,0.12059050105235954,0.02816299472859272,0.10135295923522121,-0.06139419083659373,-0.0431043978571932,0.003879749427552001,0.08905311428670254,-0.059755352926835335,-0.06685360178782544,0.035973377216081535,0.010574615850147703,-0.08302557342264938
331,0.053238512382331314,0.08833292538638592,0.032194491913285515,-0.031202478423774643,0.08046394980327104,-0.012476238318581708,-0.10562947342215906,-0.03545244301382117,-0.044943490459857495,0.03662020866515747,0.11161663987162047,0.033985294434700476,-0.06937639046672073,0.0123478678889218,0.09411825977971396,0.048784304633525476,0.1668446292436383,0.10638390126851634,0.043393023720325344,0.07887552887131517,-0.04913325189010087,0.09795183428104659,0.06049791487571987,0.044829179721124046,-0.040008412745462775,0.0463130254327111
332,0.10024494037850938,0.048017482705163005,-0.07086224275014519,0.04568448907473912,0.01347461896305624,-0.011479701113274825,0.07243442792679788,0.10047842707510457,0.06171167375280754,0.02842040178567475,0.07640829776216103,-0.0973440787809533,0.09218469059114649,0.053225021624547175,0.0024177341748324865,0.10646864473181876,-0.016555781679457277,0.0694817911514332,0.11172246849325995,-0.04328136940409111,0.09281615300771169,-0.06567368605050367,-0.05573948337353374,0.04116284072906758,0.06112542355298508,0.08814357612990209
333,0.13876583053765737,0.1334460956881712,0.15414431019361696,0.04141733356535012,-0.07411793541372673,0.06830892631470216,0.0315950846672151,0.08041185541494078,-0.02745320038531529,-0.07513182542022372,0.07774318887519131,-0.019250502237381395,-0.008720232626091895,0.07215993918532636,0.11747087059221777,0.1316107935529228,0.11335963986450003,0.044326240063320976,0.09872731565193693,-0.04736010902378648,0.02095949048440271,0.0892175911447292,-0.0011923017907807072,0.05742959146602544,0.08431208024037867,-0.02306082265927043
334,0.031529911982403604,-0.010953996457990908,0.017364023858690607,0.12988491347243525,-0.0717985003016222,0.061893369894074825,0.08975819541958556,0.03777998850056152,-0.1159009146372107,0.03333307252960958,0.014336616968653848,0.014167900121862087,-0.011372511347265005,0.07938903957458188,0.1366638840083533,0.013716404963744822,0.06018177248150854,0.1387727880143502,0.09941662789494154,-0.07705328685323609,0.10067748961676715,0.006371340592562466,-0.014757002350185455,-0.009940082364827796,-0.0750254786967142,-0.10817343260717178
335,0.04424859282278352,0.029542468286921343,-0.00662643064027324,0.02485689691432902,0.07602059014668677,0.13465332990056147,-0.06872287049263354,-0.04562926111456411,0.08701847774072989,-0.011345594587657307,0.06204143644325747,0.055601260281302176,-0.01831667630989784,0.046514471930985124,-0.04776395199266407,0.040068373541778425,0.03194116208437414,0.006965018977194186,0.08223987495774547,0.0990024150761626,-0.06847000825376136,-0.002757457841210916,0.002046693527216573,0.029281776350107536,0.05414396202958486,0.08456412499994898
336,0.05618607552742592,0.029577364014993463,0.12400445929583831,0.07939159816235795,-0.031408938379696404,0.07878815424751169,0.024428635212544774,0.09715343762760285,0.0678997910562605,0.07281806967227124,0.026597786519570343,0.11913235867020022,0.04393642837729298,0.014936539624545626,0.06863693439971712,0.0566379295239661,0.08570013895538087,0.0870014905754448,0.06720347150956901,0.08180846573150617,0.06439935814088944,0.05012533601632885,-0.07607814935792394,0.05170260345537262,0.013097868960953774,0.0395437972004982
337,0.031147847565662724,-0.08116259844851985,0.12103755918993227,0.055190277877412965,-0.07133861043286915,-0.049747991622336396,0.04120045223827118,0.06492633217155296,0.1221646642210172,0.04148097020432834,0.04038880473684947,-0.00879030561228487,-0.032320841253167365,0.13660338656459733,0.12873761627259547,0.016012700561051047,0.019302046017053636,0.039378588366056934,0.185449253108156,0.059682636235236286,0.1323026328167519,0.11424853387306044,0.04155450840649907,0.04599929379036403,-0.107684677330821,0.060222375798129855
338,-0.08785484322627796,0.049597917534468315,0.041443152981450015,0.10547812540537059,0.07937475011601249,0.019658834251190895,0.08711870458183595,-0.13214232922779945,-0.029291446543948108,-0.01180319295507733,0.1411203101707309,-0.02050988080827909,0.008722944140377553,-0.04289116995603862,0.11988482107605027,-0.012427787622880956,0.06645383518767249,0.08178625645763297,0.06297636238103455,0.026570514163074398,-0.06486311020036706,0.007238527959388175,0.09762134150369041,0.009390756928191246,-0.07262510147396524,0.09752951568243956
339,0.06209158040709476,0.017669302122040376,0.12220076634523985,0.0792749951666148,0.055828569748863445,0.07420325470565153,0.05513750008102473,0.03500427275995717,0.04395444518410119,0.03732677966442036,-0.014708543795594053,-0.03969276307688611,0.03332966575697092,-0.007170119912867276,0.03383692409684049,0.04708804826701263,0.040191991070674137,0.2033892692391662,0.09270879969609462,-0.03735802424190613,0.07649149634125536,-0.00036562935437132495,-0.01172857733632828,0.07989391483650625,0.1209899566838669,-0.01481128194465764
340,0.008761395861832185,0.02714928235763958,-0.04751918719863072,0.03392295097547301,0.02192040477339034,-0.06983490548899944,0.006519192652170436,0.0964461042248282,-0.07849096656753064,-0.04425493210147535,0.12332501729113687,0.11964272489169168,0.04974039620306906,0.15896710524147117,0.09168812459963177,0.0829046017063189,-0.03978116128492171,-0.008070307539784605,0.13469015874432752,0.04058458390725742,0.13780890592435882,0.08550345132103371,-0.04664238072052993,0.11744519609263027,0.019331212101296086,0.05639669016312365
341,-0.025630254175650513,0.009400185497487334,0.043768088554684094,0.11279772320379812,0.06482421428275657,0.02540801833548023,0.043217019165843584,0.012796517229764826,0.03847449664618877,-0.0009803715476669654,0.01211054161119494,-0.022777813566302745,0.1375481313394915,-0.06933508809789919,0.08711033893928477,0.008057702000633013,-0.0841118604474859,0.022653359741288126,0.03840820331692123,0.019612860075669297,0.09443559666906991,-0.05444320344125634,-0.05525599345933838,0.09873170018968191,0.018346801429341142,0.012248701991483407
342,0.03970673307938566,0.09790371289696237,0.022254976378539033,-0.08212360358656134,0.0909065010588171,0.08541877819641353,0.04938943043799241,0.006130484433487848,0.08701621449232544,0.023494961766291733,-0.03272761368500978,0.061876814977015915,-0.012009514270051517,0.0179169107969734,0.05883784280313612,-0.03360552311009327,0.00817470669205476,0.060950261220285885,0.07642075149991671,0.1229109516058597,0.13369821120015227,-0.013058810000129225,0.04391458383481065,0.12146185164990879,0.019590365139275607,-0.047836811417443746
343,-0.060299177819400564,0.046291945465486574,0.02537735981507146,-0.003930925137294242,0.045518413432001616,-0.03421528529162754,0.03595942445233774,0.13448943192752624,0.07215738137025185,0.08332743948528194,0.000751268428746362,-0.01855111317260035,0.09432836280630065,0.056457675462573256,0.01934307713486516,0.02704497696865867,0.04879487921905886,0.09575774240465655,0.036652539361060985,0.076634692848417,0.01698092699525629,0.030946387324556717,-0.024313878665170523,0.046553822666816756,0.06511796094205324,-0.015286674555915073
344,0.13577585166425818,0.05123714963368605,0.004977642693006712,0.06164416588374555,0.019218243795206237,-0.031212322223733453,-0.0031060904338673003,0.0465491667376127,0.06329257874274959,0.05194186816789942,0.052866553881305366,0.01219974724523537,0.058129887873593244,0.051370591508522544,-0.06607842343360214,0.053253517822163664,-0.012770354826000679,0.01438037974967286,0.10965731146245693,0.08847396309697843,0.154623071390315,-0.1358163277042416,-0.06345237322843124,-0.04087034392409757,0.03208628095847307,0.0011683112458156421
345,0.026931961222539012,0.05177842768624702,-0.022195589095132418,0.07915037936838432,0.008178580504378752,-0.05006185245728523,0.0211923055670303,0.0001506022617622597,-0.009602597960065334,0.040669099462787996,0.09471890742954614,0.1255904516979036,0.06114452762968252,-0.0534361473980746,0.06272698923831921,0.1046310128936203,0.04983535019912364,0.10526803312096927,-0.052818894042405584,-0.009529770021374229,0.048644013923349105,0.012823064957420879,-0.08505373381001802,0.047922913514424015,-0.005816992874259927,-0.021868639796693456
346,0.06579511883501059,0.07899456213720973,-0.015529779690780898,-0.032853598096469226,-0.033349281075322645,-0.010940864517271406,-0.052480820135185215,0.08773349284345311,0.04035853560115871,0.08488057106008469,0.021724708691035783,0.0013256434022981638,0.1179685088517516,0.03488338597838486,0.04307643528183889,0.00837152407968785,-0.04096982510178752,0.05886703847823047,0.03850281817861475,0.021375561316773335,0.14665252715863286,0.09772080097431846,0.23244773228676519,-0.013372653354578675,-0.016278812235460405,0.028801880554307158
347,0.10721185797645978,0.12914773666525184,-0.019316172468061277,0.10702792867838469,0.06765769936505446,0.05735476212851794,0.046187000181072004,0.10120970582640555,0.012351371328484888,-0.013496845814827648,0.0020023239501521703,-0.0011996271067722195,0.06875600415741197,-0.013685340825997464,-0.000333349219039917,0.14501057520421698,0.02501276501250756,0.06212204181671077,0.03559780404868307,0.07014004186079588,0.1287018722569283,0.0710475679439389,0.10712886007100793,0.012127266766236803,-0.028757394202265214,0.06525235231554631
348,0.0059376164199020365,0.0976411149048216,0.08179660772162116,-0.04541356684121597,0.0745485868119911,-0.0036629902099718876,-0.026385483916814334,-0.0054658023009648655,0.07634830065915615,0.052488570238511535,0.13992517186247358,-0.0799383345101422,0.08102243924147705,0.07069886587920911,0.01854829376337745,0.04017627501614653,-0.06002503735560873,0.028499525941578858,0.09506369619975534,0.12253311667485701,0.0823220288920871,-0.01145492565770125,0.03376024812428537,0.11716367074198863,0.052455744779886015,-0.04932887898632621
349,0.0639141061670178,-0.028684314105909842,0.09153237579961122,0.17135600823053745,-0.004993554897540091,0.017377264113507856,-0.05624718445260787,0.1461768851618296,-0.06263845453546839,0.17077654086123434,0.0004866283845933277,-0.030532302565231706,0.00633298704669677,0.0800867868193137,0.07648418634899397,-0.04803266967643357,0.04024484643963087,0.11601895945450413,0.0868358570922778,0.0907075063289572,0.1342955444507222,-0.056793202571962076,-0.0424108650412407,0.02656631000158649,0.08810278396368239,0.040986032357939295
350,0.01819324665766549,0.14137225044361995,-0.02714301932817037,0.026244926158619196,0.038055326059338944,-0.04230041895089078,0.1281943707483933,0.09526094205012703,0.051482250667388284,0.10628220007429123,0.1319956866487603,0.0016955588736376668,0.10419216012420895,0.0257790406198997,0.1573461083509507,-0.047947486819878794,0.1633673193790018,0.056103118694281306,0.028791708051526938,-0.06380977931332825,-0.005919922534610841,0.015025442165258973,0.08433634594151264,0.07798182625332263,-0.01486990473166433,-0.07674025536445735
351,0.05009267744107918,-0.07132826916546713,0.08217527570650411,0.010970144373917301,0.10972739410107478,0.06458733018027223,-0.056212730227779784,0.08521115269660046,0.10096720976618549,0.030549015974166222,0.12935632091398833,0.05318573125016398,0.15783621600077444,-0.02056147844498294,0.08776650621543407,0.03399216556831671,-0.01986002105163696,0.02544183397969052,0.0392382925357317,0.05844298975742368,0.03592658303119748,0.03769473671977334,0.06465757159785739,0.05153043735247705,0.06682209782477859,-0.028516468585587113
352,0.04267873350187686,0.1281092023418903,0.04537669048419527,0.10577471357133271,0.026321146148468255,-0.030473705148079584,-0.03116117525361317,-0.11505678694120597,0.10626644846671017,-0.0031285966829069922,-0.02693715055188352,0.08679049475364627,0.10451198287039737,-0.01813296251122491,0.07783770617207741,0.11229007883743314,0.03614709268691483,0.14696268498697365,0.05092719601392033,0.05142684172238734,0.012720022456338815,0.11046974365454099,-0.0005652881953852051,-0.05346730475564474,0.06633321845295864,0.03618469306614225
353,-0.01951372534265755,0.039887228766337914,0.0545652464230539,-0.018367510082193488,-0.06469418320197946,0.08961062550783554,0.039446370363359295,0.07311228196413154,-0.05595385660261504,-0.048314751959536495,0.10225030262868541,-0.0012907306843081834,0.10354060595156069,-0.05410404364343855,0.1020767547331466,0.07123383339391794,-0.07139594067798265,-0.00500560957918994,0.062100263023813364,0.08746787812710277,0.03809831349987153,0.10125040256521199,-0.04248484553687759,-0.010883550647647325,0.10578838173544941,0.0004375199257127631
354,0.05654697679790773,0.045988630449389355,0.020321352973474593,0.025360767860935073,0.048192663613229415,-0.03801189854674499,0.08985526265996453,0.1510980881375609,-0.012881617472082385,0.07304269863788293,0.021703656517162977,0.04549356063408311,-0.025975293542352472,0.03714952565059596,0.06147085719491766,0.05926517870170178,0.07180551120981953,0.08967033656296719,-0.0027610078398527436,-0.024964416576019943,0.14176072055547714,-0.013571737425031389,-0.040808096090616086,0.019354734849151345,-0.023506451011920376,0.005620349475724651
355,0.07340225544984791,-0.008114058140472464,0.12272197104709366,0.08309350877068523,-0.0028254477796781177,-0.034606029002214454,0.02585913358410256,-0.03953197200276667,0.056517879074736765,0.040052775893242264,0.04128832300091686,-0.010588156840565003,0.09064567618827209,0.08969031298878645,0.080791454963467,0.05519183882452159,0.13366851114643694,0.12683418005971675,0.025662838963972184,0.1387996100947343,0.04975832353392219,0.05279771251742219,-0.03975030474702945,0.01323828265376074,-0.04112759792863977,0.03033326353118767
356,0.014591974555719183,0.09255315166671091,0.04538362991319859,0.042631981716374646,0.05439912301423252,-0.0030776483560838543,0.011147721776440226,0.12853851126019014,0.014344508999572642,0.06169064375283384,0.06952747616576815,0.024042160949314457,0.016576660109774693,0.024598746195929166,-0.0025647409683114963,0.12102525780775542,0.19529046684649334,0.039031757383333386,0.035608194147132864,0.10293543003737467,0.008900508191922321,0.1553972391017626,0.012243195622643865,-0.07955483491516248,0.02917215100581322,0.043695128398446303
357,-0.038684291944687,0.05266514773199119,-0.006162300320709487,0.041646543625752666,0.1123913820573829,0.05962110522634345,-0.07442046033429711,0.14582521168856724,0.04143641896766922,0.06626291882670717,0.09443842116438272,-0.028385308917755092,0.05609410821024532,0.021728965159932685,0.13403920084445992,0.07396588313640085,0.06630524089750496,0.06831717827754104,-0.012294161009641424,0.04700291359984925,0.04420425134483038,0.046093069415205044,0.0131236511685975,0.11647784701826137,0.042190217384911265,0.13510633415200216
358,0.08732548080474245,0.02826578484319518,0.00045833051145823455,-0.024517341495051654,-0.021230628814150148,-0.003553977334767662,0.0500775465930534,0.03181368853275087,-0.009610155828692606,0.057453800864571004,0.06801892285215128,0.08543443112268623,0.0007932956510433946,0.014599664491011096,-0.024450398516210836,-0.01144386036799655,-0.04084822665937349,0.07981376447757416,0.1545807402190483,0.11418572122979538,-0.1002975524125927,-0.04351240638029045,-0.025905082046630595,-0.04733370697607231,-0.03265623398292886,0.04499493034804365
359,0.02191604624091705,0.06549646827782517,0.05307704903156962,0.06955263274308972,0.07189377099562587,0.007464365329612477,0.03283568113027017,0.0532340630513109,0.0394895176237113,0.019213244736788516,-0.0010507656265446213,0.007929342888888339,-0.08076711885688248,-0.07648968176053998,-0.0061830988210960225,0.02718870950382531,-0.004781200930447501,0.12068775557199485,-0.025907778758143152,0.11543844988603823,0.040006842835554814,0.02368359542118324,-0.07796522450708797,-0.18308323513764513,-0.08172414110027837,0.04153133802608391
360,0.07876856465532467,-0.030743821131604104,-0.04523187500389032,0.005535554116405421,0.13740565745275363,0.035549285290196984,-0.06008198577689807,0.023393014131222224,0.08846450709743499,0.008003370669807774,0.11824868458753605,0.1438160552996411,0.042135673477399035,0.11209529371701733,0.01362054457544894,0.03361947096876626,0.06445362515343993,0.1144256920181963,-0.0016673399685074681,0.008491841868354869,0.00235531601859427,0.04964445847392569,-0.009839172306450723,-0.013426910927474316,0.027319215610435748,0.08934712917899697
361,0.16537605587916307,0.009566520511310423,0.033245983916007825,-0.04213528489645344,-0.003355415032657701,0.11636941748136313,-0.02702620592781485,0.120668436893707,0.0662626006183522,0.0019425771426780734,0.06782229779879179,-0.015570659358077221,0.12008109688940886,-0.08518999891822471,0.05461143359512177,-0.1061461201309465,0.013295950859876874,0.022297332599925983,0.08227913960503423,0.24188856499286746,0.0435201261427402,0.08935961268215509,0.017872770948641186,0.11206170060261816,0.04197878584120376,0.03479542781447925
362,0.09308609414950851,0.011199533902522632,-0.008567954865246788,0.00542477027216572,-0.017201897344610174,0.10888054678584391,0.0585699760803669,0.01189991856834971,-0.016889968438788948,0.11303777099313826,0.03739676710292994,0.05596682819115758,0.011019692992334962,0.10036794510206799,0.11472274078716839,-0.009059345171764302,0.00601255545443713,0.0397340950349484,0.11178478477234227,0.09059112549613428,0.0803637806326199,0.06471589615301405,0.06760829952363812,0.049408635594449926,-0.08848233847559467,0.0778384375874011
363,0.01616698918981811,0.012805293347308067,0.13683020764214457,0.06893498626915047,0.025013527831165304,-0.03799697503237757,0.05029331171095545,0.017881654198723396,0.027209318992001887,0.034814690960011684,0.07059935712101127,-0.0015057427005040016,0.09200626905289584,0.02061881028407649,0.06328690495691812,-0.011323518952460384,-0.03287933530577849,0.10507908726101889,0.07088445730017008,0.10130387182218807,0.07848600741646912,0.005758236567795394,0.01881379066863102,-0.005324304190315043,-0.004575400643456351,-0.0235876877604008
364,0.05459256325488846,0.04068344046812498,-0.009443764106930893,0.013378101373235215,0.03078164618125928,0.050693944747834785,-0.09574653473718413,0.04725681234365936,0.06880392083213889,0.08829223377941349,-0.010446384545132432,0.06679809690497086,0.18353174585055054,0.05827307838689838,-0.028358202514233117,0.05901151976243598,-0.0021323127013412506,0.0839772759712797,0.05166987446987753,0.007756273181267648,0.18057897948385135,0.02117465236781707,-0.021134712878005946,0.07319331445928605,0.021331134975441035,-0.04303798697822481
365,0.08077867645862763,0.09306131987858701,0.14704098722737868,0.04059112711564603,-0.027072056467894273,0.06104772787497319,0.08005346308664185,0.08246792946298181,0.02804436133702287,0.010143745482142252,0.012452198842899295,0.03035103490810942,0.05057158703816861,0.07977281485478678,0.038070463087529226,-0.022661031868756804,0.004720517821950543,0.08021742409996364,0.06949950972914293,0.03466448043627065,0.024490233337673473,0.09673818774664063,0.039518128194612166,-0.0015023851479738504,-0.016821608755485145,0.16512166254479116
366,0.10599465397084191,0.11554816248215294,-0.08915365270284221,0.02382417244769412,0.11232291979604421,0.07176338380481663,0.10227743569721925,0.04584701121954954,-0.09667160338655972,0.0663153344629277,0.026604163577785705,-0.0266217950738473,0.02506028310958826,0.03367469187227231,-0.026621581025893848,0.06323798744501889,0.0750933770297366,0.0666824756405061,0.0709905049366147,0.07558571192511769,0.06887688535545934,0.065263210779626,0.10259253698039579,-0.009237175109683768,0.08179194686909853,0.04085974915144023
367,0.06831299261449598,0.07511243280575342,-0.06676722671384178,-0.01948662258665444,0.001862344426359593,0.012052253946425137,0.07740129563141919,0.02177339094655697,0.013051172891103784,0.0018658001766241328,0.08501105069403254,0.07875176231710962,0.0912034554148473,0.13486646261362095,-0.038177343663595244,0.019833627317097625,-0.114909873502632,-0.023677141470639894,0.1098965375898191,0.16932203845354915,0.10278454129519897,0.027218017864195553,0.033775827106612255,0.07104946591953476,-0.00576793817138673,0.08110134109081425
368,-0.0350862916966281,-0.018388910452137957,-0.02590404922096079,0.0438837931843135,0.053910226513035786,0.01866791096790064,0.09879242447831989,0.07634431072720659,0.12619458677911452,0.05688371260212094,0.006558829604408234,0.03452257276302417,0.09622833294992043,0.03353162853244296,-0.03979438232692297,-0.015608069371317979,0.020838424221095813,0.13828680933118653,-0.036866956499922755,-0.013473212295198433,0.034360986059480535,-0.03043094148890846,0.008565657807219518,0.06484493923815011,0.03922725930722304,0.051872239271770204
369,0.03381920722653316,-0.015563381135035581,0.04674109713137624,0.10018890099410298,0.052596168684751955,0.0597484431790262,0.06790841441289973,0.13490405581030535,0.05331678557208158,0.0007437560754749071,0.04813091455192383,-0.02444689670867543,0.1441946154554021,-0.020747823962731265,0.09947961266991094,0.007984178443660376,0.04599075524457619,0.016441785031923062,0.07222514652899985,0.08542011707841153,0.11234561500148572,-0.02049928649305599,0.06713275749611093,0.05472727557363072,0.09489005248366049,0.08662560819328467
370,0.06675382755557084,0.15322122143509662,0.07843069321443237,-0.08185769630401356,0.04724264630648628,0.04102212105389765,0.07547707088893289,0.07724063098307683,0.12469187506317338,-0.07168857996987055,0.07685819644213503,-0.0025701496653231697,0.06143551480043635,0.061110399385987134,0.06569898551674778,-0.01127236466636287,0.03315996001066893,-0.05794056385647469,0.07535276781373079,0.1641524373005316,-0.02984689897542503,0.06273969227044425,-0.007789193501062663,0.03165419025750954,0.022192421506852595,0.03068458000394355
371,0.026506614343349368,0.05773037831159833,-0.06352544605586724,0.05215369871856771,-0.037060546185946765,0.0629976806502849,0.08784284906863625,0.05927679995511612,0.024484193354535833,0.004858237735388071,-0.008557170253678767,0.02424246792184224,0.03301991606973494,0.0520423955102731,-0.029070562519224425,0.11709310422016125,0.13452152275920162,0.05402615123551905,0.03215588028355115,0.043445383347960734,0.0659322489465745,0.02698598224649586,0.06701725841631966,-0.07130840525185948,0.05217978921079266,0.06332010745947635
372,0.016333285084453013,0.02328307202170556,-0.028867139648466916,0.03422310072611503,-0.0004227208972940044,0.01574234657699632,0.1150815630256206,0.13618822040284875,-0.04709494436519929,0.10449197681198509,0.024780045779190407,-0.07245213234503961,0.07962979429276383,0.05566023194932437,0.05377710768361713,0.13966631091158366,-0.0477055822795574,0.044894331805678735,0.0900544849898872,0.16688882325373283,0.017111134337162288,0.13801906604084233,-0.11591639488074716,0.0378434769365355,0.001284381625262676,0.12499337123164017
373,0.1266132671077408,-0.10551059045788631,0.06160373616269417,0.029732432636825568,-0.03203189969580881,-0.09810216064400569,0.05128387865521178,0.10922996952045534,0.09307614265312947,0.03146691174047134,0.10999803385510648,0.02197990938913922,0.015233960775887881,0.0901060955095136,0.06642914696500217,0.010346988492768513,-0.017155616782699057,0.03592363431291906,0.0708432246597183,0.09041926867107591,0.008501706361177289,0.04237785150213541,0.012626916599584426,0.07452291076361663,0.02851218815276846,0.14792888398810466
374,0.16446750908127997,0.07687202127162311,0.10837783322193735,0.04320132168795102,0.08788350092193116,-0.002039069916280075,0.09710820442625484,-0.004504034200026393,-0.005196738960936494,0.0284777625180516,-0.08010940720312243,-0.038111155708687394,0.021050247522883498,-0.024189023934651555,-0.016517704293086483,0.05231621555468783,-0.012748102318939988,0.058954065139282995,0.07465179494252765,0.0977207648668051,0.030331952171594644,-0.04552949354234873,0.06805298574819245,0.01008246848947375,0.06832648222034797,-0.0199256209172061
375,-0.0023572564411888375,0.08185230268472761,-0.011349521730063816,0.11176392727326086,-0.03167025821262193,-0.005349506513667446,0.01290277393101554,0.010366785318066452,0.03238263640171433,-0.013283492272047726,0.02551040880367202,0.011856978750501105,0.05904915626523869,-0.06263371708870619,0.10510603744284348,-0.06169379937393871,0.0552528527433368,0.08219968986841625,0.07245707175538306,0.10473794245800057,0.06331307306728934,-0.04266257856293602,0.103445516031847,0.07259525228938657,0.0476130071472279,0.06923085575702383
376,0.02690495198448032,-0.022057049546317892,0.052742805429052075,-0.02321071655702393,0.15621806090850576,0.030464290846147695,-0.05059345308437805,0.07172867145883073,-0.06591955673851874,-0.046462659005185016,0.004440112588092144,-0.02530433189346093,0.05584013228685134,0.11980183322985404,0.0014250248010287585,0.036295424953131206,0.039006044720445866,0.07994199073514936,0.10992773994972611,0.14355210052472384,0.11442663135568844,-0.033973769256426534,0.041270564398305565,0.05047344900748726,0.06712676410220512,0.03463361916477816
377,0.10003754801665667,0.08414425342187047,0.061035470102632314,0.03858998494480701,0.07899094077538636,0.005407436672122864,0.04827773013665767,0.0021124586157014,0.061788689002639584,0.09559336716781071,0.024152636752845846,0.09226790982695592,0.11653799798939944,0.013731582370816878,0.00998683596633678,0.040911600497038646,-0.032601666736303346,0.01885758083716719,-0.0026802352153240117,-0.019030716910136213,0.07030067787430831,0.08599184608877734,0.0223970893824727,0.055264528369719644,0.10383979974691726,0.013815783920446096
378,0.037438104631604185,0.05349383091058252,0.048976545077206945,0.08038069565377592,0.012349884272628323,0.10173640624288438,-0.03669990403842621,0.044275594973744725,0.014128367641351058,0.1262811000001767,0.07023676905102531,-0.09763463090659587,0.061919266864330726,0.004113986922571626,-0.020204118731950493,0.01127405979605726,0.04921708113661779,0.05910567486659676,0.04020189082421355,0.053227551248059335,0.08016823867167529,0.09154201841899338,0.011664765728960174,0.11836719434482235,-0.006582332592470652,-0.03186654750106125
379,0.09223664237745212,0.13388189841705922,0.07654208427526517,0.1304351036823654,0.04620585277117765,0.026563689499907988,-0.07501061501248424,0.11974931804337617,0.0773360003674906,0.00453067250546931,0.024599318050705126,-0.04253820319306648,0.11135131268753633,0.10880140619527519,0.15937199863108778,0.03124438418777268,0.0040667790691334416,0.06219996500475979,0.09802223631952489,0.06021263608723815,0.05647157400175329,0.0348783881336181,0.06682983857373322,0.07394871299123912,-0.007974696684205917,0.03890654345570038
380,0.04293403949373126,0.1358069109675139,0.013923451610753609,0.018050687986210234,0.07916683637844686,-0.11878736301360716,-0.058618659833695186,0.0474986208487872,0.020737172670768616,-0.010501760946435346,0.0945638978716855,0.0013620313598400142,0.06672463493501567,0.006454568536203187,0.11385688581883996,0.1206962442612134,0.09304289581694758,0.08751887776809536,0.02653049997443835,0.09143011715387737,-0.01857036425468611,-0.01683752757004729,0.1307994703074265,-0.02552008314564147,0.0678960553375849,0.031168406385704745
381,0.14936352298585656,0.019589754426125427,-0.03605373544786661,0.09154955958617801,0.049304875680640514,0.041152705398344216,0.04915640881029858,0.08217259330297942,0.007768645388939362,0.08979349386097042,-0.1043811836523467,0.04644265071823073,0.0622217069795649,0.02501745096410174,0.05578524228537337,-0.017920349841985893,0.08606949677408761,0.07456338317989274,0.11194063477512829,0.09525855203930551,0.034300104176142654,0.06292608143861249,0.042146291334928566,0.08713773323063854,-0.04196347266170042,-0.12009503291729035
382,0.09954463848026239,0.0033154949122619435,0.0577237603069059,-0.004739867618979932,0.04287728824313097,-0.015757637354945248,-0.003571233065274719,0.13222606895011,0.10488931913309513,0.058946194123537465,-0.0036627762655746885,0.013191846815351163,0.03321352278715869,-0.005995063841298887,0.10502722741009839,0.059224098392859935,0.04117049182966226,0.06595510996785044,0.053414369098767366,-0.05154583757068992,0.022321112494553447,0.031612602924057875,0.09086026599021206,-0.022177580346490217,-0.08374524734462446,0.0466761121843687
383,0.01923304936280057,-0.003814907594926327,0.03294215637293957,0.07274190369385569,-0.17242133028719722,0.12209352060085892,0.03853752510798827,0.07688142678406651,0.032704904590571626,0.027439596764355072,0.09177740742180902,0.08605240013177855,0.05430872728210815,-0.08262909492461461,0.11956144667893422,0.09952803739661893,0.07283643411704631,0.1155212613506598,0.0958419447782643,0.18809432940676027,-0.03997994269861577,0.03878166125947028,0.07567717900881653,0.057235859742851135,-0.08326188095399312,0.10306097012741693
384,0.041433472244647884,0.05223245064715715,0.034289129036820576,-0.058305289378694614,0.037976964838091265,0.04337114187986035,0.034439623168978306,-0.04483342410613613,0.04063698026529812,0.08295099251624832,0.06728610822073604,0.059778907534181615,0.07980111331097102,0.10707959686601555,0.04577776783774499,0.10296724136339618,0.06737042691468936,0.07308391693879657,0.13703352699643692,0.03470937943366489,0.10779546058335199,-0.017391914185804214,0.05036152607503819,-0.015203304857545693,0.07395446419627805,0.07803826210741203
385,0.08803426050047142,0.13305601288721294,0.10247959187105055,-0.031088636386542173,-0.05990662593923488,0.02778682546729912,0.08469196171049376,0.06470711927930595,0.1418949949985083,0.011881805340730042,0.0013317941354037781,0.05162658229514944,0.04495176770027841,0.05060246921267605,0.08473497704855432,0.0903135254020182,0.0032598254338136083,0.1105909760643438,-0.02667165632183871,0.059248676202111404,0.08353587954884006,0.041000607458944016,-0.01823823329446117,0.006456155240981716,0.07245765749072751,0.03123467866669205
386,-0.011939714468296708,0.03386071444374461,0.03361695334794287,0.039989135885390936,-0.010037739482669191,0.040898125551738496,-0.031659683353003364,0.05544021915016765,-0.03918591562017552,-0.045037987708406925,0.005142838987853967,0.11713354666405368,0.005806854483715429,0.016323796407783347,0.010674570227449776,-0.03576469244997926,-0.016658329259872817,-0.022163595275591568,-0.002576525175904047,0.12441454169820954,0.11869540628143045,-0.05899414104178271,0.13247171775191832,0.19189918841780249,-0.05598165416188524,-0.039533168536241205
387,-0.0074352034396347,0.01709848346892262,0.08415657443938658,-0.05607785315680932,0.08426639103942873,0.04805728880003346,0.07231949391301429,0.030113444378522536,0.038089767574537935,0.0516058641107154,0.022526196714081254,0.03679599250949558,0.03517393087333134,0.08166116121973499,0.006762984740818674,0.10779372859662291,-0.01099892434859201,0.07181293594023334,0.07315830338289914,0.08627826750778445,0.01794078043267903,0.0017715816593969844,0.0083044801211824,-0.061927318654692885,-0.015655969694400272,0.04932560543014639
388,0.043643620860174294,0.06399424413244319,0.0017316567443758282,0.2102280499029589,0.06436340091354935,0.029454168964411092,0.06929721136858825,0.08800524511953585,0.020715819896971986,-0.006567014464243274,0.007251545812854143,-0.002028458499964506,0.08998999494205073,0.0075381766363646725,0.06260951803642108,0.08277690776857753,-0.008292691797084159,0.056931356595700276,0.08942543459678154,0.11717210722171277,-0.0802132229886529,-0.0532766509055122,-0.036408182348501815,0.024267642685076956,0.10561251976763326,-0.1075814675773496
389,0.05910280414492586,0.09543508842595151,0.06838452041128788,0.0013965381753636708,0.032334379985732166,-0.004885860651610304,0.016925586398898868,-0.030049719979177974,0.021385024743429366,0.06898437107650197,0.16438793849743547,0.029482877689465874,0.08246021202808147,-0.007802387875779637,-0.06669816026633017,0.07627704835000955,0.03519222297593264,0.09850003234112285,0.03641930372398661,0.054373088243038624,0.04440064316993549,0.011003554809353555,0.061247439927942494,0.07327171614621648,0.009075315766420566,0.057101506855437245
390,0.05700553912767912,0.05867747369420231,0.09801687066135832,0.14168429366573038,0.04756067456405431,-0.06070809347639131,-0.07634294771412371,0.051624919704072146,-0.0774949357313719,0.07400941898523312,0.05325158507456277,0.006963247580984544,0.09572099500358189,0.08770016312572027,0.035568089529175194,0.06612201539813417,0.0075232290640976545,0.07544624060206861,0.07503402413702677,0.12710076025313144,0.13545805732285984,0.09285276787981141,0.08168556772934839,0.006858480546865886,-0.0007750492520654704,0.09716983858734507
391,0.01581853390074406,0.0778530543645571,0.039853432660382916,0.004971616732080408,-0.022251401222547856,0.07447317072924685,0.08523177125927557,0.08355171544145933,0.050831278203193,-0.03298933662309874,0.035370301305113226,0.08249498638507112,0.00965560162728174,0.07136785937766987,0.0332572174335221,0.1128103463752393,0.012443094275408056,0.05912397944988268,-0.020814800339996685,-0.012252267320532398,0.03995521400798985,-0.1227562435718982,-0.040756284036802225,0.04529805491651295,0.03465152871536337,0.026228820407291947
392,0.08879462010371907,0.03068504332164949,0.0022441555740594,0.045710706223432096,0.10457133254861033,-0.04775034503502971,-0.007053664308634116,0.03579839255249909,0.037603819350458555,0.08911799080979523,-0.031327998934263634,0.045917349501635674,-0.009152731039787218,0.05832300897916234,-0.013585512201597722,0.06522531996985925,-0.019938101786543278,0.006588723230013416,0.07175783298601089,0.03047104807615268,0.11277369496869694,0.05333076511065078,-0.08840146545995348,0.12151349607199362,0.05579771866971461,-0.07866023636196717
393,0.11927288990961026,0.15547979641537538,0.09393280179986707,0.03750282511913614,0.04363366543674171,-0.004945617770075444,0.0326491564522548,0.031110210045320146,0.11605913253487084,-0.008175522662657345,-0.03544693939596675,-0.05694090554241549,0.04258401040080726,0.03629501410738767,-0.02454451219786406,-0.015124037848149974,0.05511838551961188,0.049621261874568556,0.03251552151507316,0.10609779665538625,0.02402366706082685,0.1104088603946672,0.04777431070599886,0.033686463466696424,0.04043448718199266,0.06637253315618048
394,0.06963565567874815,0.09488036265743055,-0.10158771203140148,0.05008708287154506,0.06026903522334861,-0.07265130465374016,0.02231337637808752,0.047080062069142746,0.06594188795044799,0.018911459096588402,0.07294345642799444,-0.05546736854566007,0.08833547884792636,0.13225388483661324,-0.04979211111699026,0.04040874306744554,0.0840270635313611,0.08796254653431224,0.0738034022489817,0.033294024068886784,0.10876149882793047,0.001394354851300461,0.031328985224664575,0.022179347536361138,0.03765622125446243,0.06318162503377994
395,0.041801136928991955,0.1317118388426113,0.11040576647656013,0.00199620063278233,0.009402599230608415,0.0422658576475074,0.09298860825599019,-0.037215640842216124,0.09562991128133062,0.05752037061904164,0.07500214560494949,0.0879688815722187,-0.019282520372553864,0.02064541850599888,0.060445471861789946,0.06791683058041113,0.10726852218995775,0.05878235067309573,0.09851547338708161,0.014696785219425745,0.05965900202446511,-0.03416350503365856,-0.011953819201544608,-0.007244764092983469,0.051569034966929606,-0.0721341171305
396,0.013858694235698448,0.008496573528073221,0.13332946684577432,-0.012412918106048536,-0.05101600550590313,0.051619466495071153,0.10834796267394196,-0.008585935413482682,0.004324550171749689,0.03355489488292603,-0.1040242922583434,-0.06157895194987758,0.05004230949411855,0.02767554274733595,0.11745331321388865,-0.05001741174773572,-0.006866834938659527,0.10098758634077915,0.13544332390072608,0.03868036724934959,0.011604475724168858,0.05120402344383901,0.13442437124707268,-0.0501005195977365,-0.02622409545781686,-0.07165104225270458
397,0.11383924489689094,0.07523968858437492,0.12921864879036812,0.08160751208178878,-0.021369401256228177,-0.0474982020852139,0.03260305423509846,0.07853537252264663,0.016231536180362233,0.08552581310387682,-0.016495707302533285,0.09033187098502972,0.037068381250799164,-0.09637085563759147,0.02124359158911589,-0.027833098155897053,-0.007578998084482036,0.14137070984154831,0.03613210719040657,0.047399275450719425,0.017815138043020633,0.009318536366953196,-0.0040490349486595285,0.05734360501705236,0.04067012683971923,0.001636799667901571
398,0.042716466347187766,0.028199016565685298,-0.08502860950788083,-0.03347175448923793,0.06583522884941183,0.03375021484508515,0.09262848385962952,0.07357653334211045,-0.006517948630521057,0.06293450112339026,-0.06937974081581953,0.044692126042663594,0.13636095808382043,-0.04504705864799904,-0.01457725191949801,0.1078224430199992,-0.04065745819326172,0.04015668189476431,0.026356001759326418,0.05066428788430868,0.0605905010910196,0.04468316305857649,-0.11665316984852575,0.08488976372365213,-0.10575532963914352,0.014540100120518021
399,0.05630811793877886,0.13885880280938437,-0.0017217536436039769,0.03706466817433166,0.09425935624786864,-0.048065374620225844,0.022594434539131663,0.06055485071735064,0.05137456638566114,0.0053417204074058255,0.08745966423344657,0.08521880114615327,0.013241365214731996,0.009553459282138244,0.06939265041936964,0.007372139097959177,0.015539105089001526,0.06466961901809243,0.09493833166464793,0.11453601704188097,0.005155485709682606,0.1313938816881807,-0.009808199775489412,0.060063123053827994,-0.0558346147498102,0.05295335006099211
400,-0.034013975321651624,0.08862285932429477,0.04173065286332408,-0.019239753640368097,0.04445324950140378,0.07093431999419471,-0.10393562613637179,0.02809059257520189,0.08312904992341559,0.06515349141874797,0.04409583257918578,0.014766110454136894,0.04167693924105601,0.1320594243418595,0.13731292070084386,-0.011742855615933023,0.053088745269114224,0.1489021407067113,0.09094230702110634,0.09418202556449605,0.020136198781085003,0.03111035963449993,0.06106754856321889,0.1101585398378654,-0.060030479145149106,0.008232803699225244
401,0.056555655880440925,0.08752554829969829,-0.011218667125108106,-0.0312750134170399,-0.03832330651936772,0.11310294894789703,0.1180136678616751,0.07952845326912435,0.08875459159252069,0.07300499757754708,0.028264365361328186,0.0237004652519315,0.07582257798650899,0.030298241393874582,0.03674123937114304,0.03760009414005957,0.09302227520742228,0.10699476755315614,-0.041254625305103855,0.02358867867654359,-0.020829090069059586,0.0061739616011941,-0.005527322239784915,0.02609052599784789,0.07508459849833386,0.1414621968477453
402,-0.01958300693670297,0.06588835913334917,0.11330277180365873,0.09187971264512035,0.12438024934493619,-0.07170111467773288,0.05417055303276157,0.06766953531880905,-0.033015594187061605,0.07789787012782867,0.10220834259856372,0.01979699752253757,0.03240172050223772,0.02596334596644236,0.010493738803981264,0.12518003091769506,0.03770481897397149,0.0057596816280319025,-0.05533842626326363,-0.03128371284599981,0.1040974786876757,0.12567904523660015,-0.013567670140671007,0.12704380911497862,-0.04280450510183994,-0.055384717892273894
403,0.16920060400970793,0.11016505236334447,0.0377086675959317,-0.032666906278618436,0.0967957385740104,-0.0036905528915358587,0.009050907820903639,0.00031749561797171123,0.03188427661773724,0.06078589629334931,0.0003382248305003519,-0.05881512100020092,0.07432159637364748,0.09606241847225046,0.11156067207676719,0.08267814393762148,0.06707606299033946,0.10358964010819835,0.10362441870884836,0.038173294426657345,0.06276488927278033,0.12949221280692633,0.05297244706293106,-0.013876670831238207,-0.07417402059872896,0.0945523846458592
404,0.037773577347030206,0.12089330889011679,0.09679086131214348,-0.0825456807479598,0.08126515068187307,0.09706015975158015,0.10277700239949751,0.009205506807215954,0.00809034005120444,0.0024649169788164373,0.1033334585159663,0.04168416971252418,-0.021428890011384538,0.00037949055622878624,0.06515466308721503,0.06411154453541486,0.042734225685720495,0.09659303207391913,0.10716753269992317,0.023412560825135265,-0.02706055677123313,0.07460580267416979,-0.0740593318854063,0.02549990593989145,0.027502002188944052,0.0005934038036880338
405,-0.03425630962226859,0.04860230619658016,0.07277027994530794,0.019300354645984803,0.07383585863353491,0.16463988130376858,0.024475317071727933,0.079862872236098,0.02075135844138757,0.0629094867578948,0.105404790452657,-0.0554170994123974,0.061486906398636,0.06905487995926485,0.03577792536158653,0.027188242305463316,0.07568991808939944,0.10072977323091963,-0.016394565497557412,0.032026309688364486,0.016637160213112956,-0.03216066591862384,-0.08446760660146362,-0.03216569408271323,0.05519211094242218,-0.07391669194161093
406,0.03582924978786637,0.032858612600161353,0.1017558195925941,0.06207206897038089,0.14541978873194425,0.012164286942039582,-0.06880873415660788,0.035021763153269825,0.025763151102429254,0.025521911615319897,-0.016626011371780547,0.021678921939078943,-0.10872562762885489,-0.05252509632523542,0.04090241454050658,0.08193428410926416,0.1121532100051092,0.0971477873445017,0.08515806391150567,0.052462965036832586,0.1415490969908275,0.10896028462271808,-0.09730301611342358,0.021259161991447766,-0.023866145467142476,0.0692392662897815
407,0.0937792595662133,0.14059735901926648,0.07671108688044725,0.013958205501982401,-0.06212162819094489,0.05548901957684984,0.053490901658615586,0.1342291386655504,0.088856649608544,0.02123728544612006,0.06084138591217499,-0.03702656519535694,0.08512040359540822,-0.02888542630401092,-0.040443496524984156,0.16159307203682802,0.1561412853291836,0.06534482907666588,0.07353687651308245,-0.034469130031394256,-0.020903405643360556,0.07688480801464216,-0.10169685338007878,0.06491429637946979,-0.01574110310999116,0.05275250991118863
408,0.03565567253598181,0.05200552146788784,0.13784657436356862,0.04244203682631868,0.03740632994976371,0.03034244441798406,-0.06323799030079379,-0.007736734097298933,-0.013908125939459818,0.017017465769498513,0.09052545598671273,-0.0020564157374914163,0.08718697858092149,-0.05310294086554179,0.05332813660762842,0.04535626260113661,0.016644803850427565,0.07641816689787644,0.03627923531304803,0.059772965525938915,-0.0020991800956574602,0.11836263913639301,0.048925268998769623,-0.03673376095779476,-0.04612035395318148,0.021842152924964407
409,-0.016026403990470395,0.11845492962030596,0.03800671420957465,0.10575641573755801,0.09635134503426147,0.0697448374278633,-0.09324422806796336,0.1355216086743647,0.035102479750314754,0.08038081426018641,0.05516045300024199,0.044831210192464055,0.030119307527841498,0.006371652520751743,0.023578604862445195,0.03292765042573541,0.0011884991772689126,0.08970256941301917,0.09716846757595533,0.007084796782367139,0.05468773855598452,0.06022282364182622,-0.019592110754235042,-0.057920687150757565,-0.0877096766305671,0.01989234739249838
410,0.054314285803621985,0.07113160999913143,0.05574468366741049,-0.007879603236259821,0.0009523137142560811,0.059235983651921655,-0.05152927500162711,0.10508449425224158,-0.0593121580099818,0.002650757691768775,0.1428448555783589,-0.02913623326516679,0.047245364399448576,0.09893720582084316,0.0387917405965438,0.08472545486560823,-0.06930401765935244,0.04977737429431469,0.08634243504191484,0.13916694401265425,0.06610901186625773,0.08814329928433455,0.031184012758499764,0.07415098980166464,0.016138713961493356,0.06394046813348252
411,0.018078733469319225,0.038744816724971654,-0.023831245167991788,0.07138381630924256,0.03324894042844475,-0.05231918607908633,0.05520861905733371,0.027437187834130017,0.024243592203539867,0.06434493900728255,0.09020728456922211,-0.010882409867252956,0.08626203187176819,0.06514722354528792,0.024894019987289313,0.08496508174668106,-0.008126146704270329,0.09513356404173283,0.004852297909097099,0.09891224741989833,0.01169198452289553,-0.02035720047791134,0.03780017057759014,0.019801013979739435,0.058592554573960474,0.05268252187286748
412,0.05953249876194897,0.053408149575989584,0.013292558310232147,-0.003535815285739763,0.008147760309874704,0.040173163735499715,0.09833716108179497,0.029766249833219034,-0.1284486898791364,0.10335543333058612,0.03411555359711125,0.0377773828246438,0.13199165164370427,0.08264147906641273,-0.019054529883515803,0.08635256198458774,0.04415897904939751,0.009473154818255466,-0.0623740251368495,0.043764191306277955,-0.01916430252075557,-0.07940143475881913,-0.0329420711729844,0.02839547329941113,0.08585805460738982,-0.06388821759352002
413,-0.007492592800608711,0.02801793335225563,0.037153841607845114,-0.052000919397697964,0.10305718344008478,0.004975198977462718,-0.09754338094371129,0.03838620960304381,0.010757673591235436,0.004715924320618348,-0.07733512450022266,-0.039670479167705684,0.17777707598769832,0.09941913341895499,-0.055607755335928634,0.05911912595336125,0.08249769837588938,-0.021912817368827275,-0.01932231143653414,0.14838368115076633,0.10971393656879852,0.06350340875292658,-0.2115067045047048,0.03523934913836877,-0.01691435465653942,0.09726117091243774
414,0.09614672622240483,0.1123049744757259,-0.007375810348266547,0.09131132389413037,0.06888442205101453,-0.028125353951432158,-0.04267105381054411,0.032727898217084994,-0.00992730612369234,0.10185468741601066,0.09417640984907816,0.026045585604001664,0.015811400987012152,0.004701516802812963,-0.08480547021791111,0.13884831556496413,0.060812073167505754,0.009166878334234315,0.12196106623725311,0.037073522246928246,-0.01977558604633693,-0.0701995854828142,-0.044220417268445535,0.0185342946472132,0.08184968257623697,0.01776107776788379
415,-0.013367034397652189,0.1364572298519706,-0.10414170548410545,0.04965049035044783,0.0046709534671158974,0.03197855191749647,-0.010273799176748127,0.034944821703665606,-0.013616906828816906,0.04954942527207773,-0.03101519095570739,-0.01698165016493571,0.010074678565037595,0.022002686376845104,0.05162646367549269,0.09736632229471563,0.04376905647747483,0.03909302676098281,0.19198450761434246,0.09679829241263017,0.041200904869494015,0.04848154129016705,0.03577911859068006,-0.0497478159333686,0.13532825811870813,-0.0835272707894445
416,0.0697001196045103,0.02969811016339049,-0.022411448064037314,0.0157213264858043,0.060347747292469,0.06413257192095155,0.11388365137835575,0.06039220427071675,0.06862639361754047,0.07225171151651776,0.05568518944671571,0.06996037836806325,0.045766755773298196,0.06964898706678081,0.10158008397256668,0.16021053069116784,0.10882757394693283,0.13944400285162944,0.001988185365149553,0.13081202756779362,0.1183875373598645,0.09371577341306186,-0.011405518066178177,-0.07074034082226695,-0.03449525176023738,-0.008614897827168566
417,-0.009444451700075943,0.1374388829124201,0.09315613973857007,-0.02739556659365668,-0.0012126817160205139,0.08518030615126354,0.012905992861313312,0.04799048950153952,0.03964635120081117,0.11656087176293267,-0.011956377171183918,0.024142924205956078,0.04419709262589466,0.04165730950692759,0.07451822103346611,0.011272156277539358,0.0231049160569625,0.006112834757770451,0.07907803672394537,0.07001844887067186,-0.02051570206386096,0.03701689915081604,0.119317130533444,0.06561125846439832,0.13302103222766634,0.07440392834271982
418,0.2004881727795744,0.015558028548282735,-0.017945659592437067,0.011399931804815985,-0.010014608218529491,0.026111058919398283,-0.026417150071049833,0.1110651343292766,0.0173191982769376,0.0704674338034846,0.014452269598012935,-0.11784201414910893,0.06490907527029344,0.027243838055377317,0.05315185588688157,-0.010668627174010755,0.1308685251918377,0.046208165659569,0.14145711828346533,0.0565210987461063,-0.042178916418580126,-0.012508342378121595,-0.024517627171546336,-0.03955927177875895,-0.012512166425899604,0.04002703778451026
419,0.0949891520723468,0.09559090513404027,0.038485747491600684,0.008386555215159647,-0.1022858436549332,-0.06366239793515198,-0.01654940819868741,-0.04422697981661794,0.09515294263256395,0.03165351494197486,0.09014751518290054,-0.06317432008100397,0.13833951249339815,0.009290784480488812,-0.06805720438284747,0.07207888156840414,0.044771535707653,0.06341388822721272,0.12776564986921043,0.03674783474508316,0.029921306120760438,0.009036434264219998,0.010760218931254081,0.029681431730551565,0.0730880221044664,-0.012841127472554318
420,0.04457635053744694,0.05697342743618381,0.16432418726859904,0.043170252873892534,0.1162900578341699,0.03524618531782281,-0.04634425646531657,0.08654584354257773,-0.022731612748643364,0.02574282809361972,0.041065794127223665,0.009059648471420156,0.08380965291442515,0.12791429391249556,0.04469925749980841,0.1756602294824909,-0.03705504502731083,0.08865150013713208,0.13467336599202098,0.08091822447046511,0.08075541967802269,0.004659377062830168,0.06181458585018057,0.024566658410645315,0.0008624246513203964,-0.13874446871102253
421,0.026032065901598865,0.02502477725471841,-0.027334173850655008,0.05170046809417379,-0.005323697986653664,0.039688658096056685,0.019206168285901548,0.03285815743908651,-0.053253974980045804,0.08004901036145329,0.05324459275182682,-0.002122811131389494,0.10036103790449018,0.04754973737189594,0.13158497631124846,0.05410939323075411,-0.055762083918531546,0.08491964628897962,0.030088568899158525,0.03793282337258249,0.1477348538651433,-0.11401628408034814,0.011484124902149914,0.014359179671446213,0.02358972035556528,0.017733677042072037
422,0.09718618263787952,0.05946602794469576,0.04480196033321112,0.05707015255609029,0.06938154931625938,0.043964833110470204,0.14684401713722106,0.047445120704625775,0.06274950206675212,0.06821594869693777,-0.011801573871601911,-0.0196610257762021,-0.05079162373315066,0.15533348849535686,-0.017637320598770025,0.1406213023789147,0.00993517406165893,0.033919503083517634,0.06358494437472872,0.03308603478197832,0.07233317648634001,0.09151177886443766,-0.018859846905564026,0.021530118391284492,0.11656247475591243,0.0853631253111431
423,0.008770708255898022,0.12092904845014009,0.1512049222500558,0.04065500032095156,0.035170131477433655,0.05774685176298296,-0.10981424550898851,0.05004922466759948,0.03317058880186289,0.08544659939305117,0.011146686069296493,0.036266972207751345,0.09329511433438781,0.13426678409140821,0.1330386570391055,0.029397293673781893,0.013518404183188355,0.05577217818134126,0.14870550273705915,0.0950972483914922,0.09414316990439463,0.02861753316739833,-0.08491781885722005,-0.028100193838644594,-0.1466758207844399,0.11371251739441644
424,0.00616129859918324,0.024416624297881218,0.08128651850451186,0.05286698743498025,-0.0008170373914136806,0.07005275575291346,0.03669300959890801,0.1129428029086983,0.11519312425466223,-0.010018971977307816,0.06446203672753315,0.0006164970558683778,0.06487871044328729,0.055831616736023236,-0.026762037438314863,0.02479454532765555,0.01867712030711523,0.022998460385617536,0.07693673800268226,0.11389804945197575,0.04776794467139778,-0.022438272030249895,0.008709909229129694,0.03794818854333837,0.03392462764326587,0.13945702991974782
425,0.06534094218219015,0.05651205080241243,0.010306163712062166,0.15645642737175977,0.11847879797107826,-0.04521200923076165,0.095370244720348,0.10549462340068276,-0.062310157299360645,0.12357220335280113,0.12945835665475333,0.05459538706571023,0.07903105542404164,0.08002292396896832,-0.042164846073527884,-0.012345339878099493,0.013048432735667026,0.05569212413582544,0.1239670461000098,0.048847085179945474,0.036047859485447385,0.107166225200321,-0.11112001442462997,0.01266150137626983,-0.010535303321756192,-0.05642253985618386
426,-0.037805421671882646,0.036869673733735064,-0.020717937495057164,0.0002651014424435716,0.13791750887589857,-0.0013244175841588546,-0.013867782576217643,0.15202982777417176,0.1156135709376308,0.021423401980800838,0.09733997836560908,0.07327293064333522,0.12441251941999026,0.028752625581789516,0.060051146305742986,0.05235406420701446,0.024863376368256324,-0.030847451161719535,0.11114866488942914,0.18391139163671313,-0.0712571223478795,0.010782480899308259,-0.025157848375465513,0.05352981355894507,-0.023943432635728384,0.01284026724824324
427,0.10680625481488831,0.009020816378281801,0.03956552955416474,-0.014973173877276185,0.003159656407562994,0.12888084396151614,0.03487651436279843,0.1034406347858041,0.09956288889119758,0.04536528699889351,0.0771681789789904,-0.012785085267176014,-0.022106687636109863,0.08362556004489181,-0.06527516913327917,0.04192178511084795,-0.027898811413826313,-0.008292564716021059,0.06788027503032978,0.03918091276095178,0.05336257664008335,-0.07443489651455276,0.025732194038987966,0.0300257548021892,0.04526238379996787,0.014364063186146117
428,0.07600569906525934,0.033900934627234834,0.04963077122755002,-0.002495686917551439,0.10154775902954548,-0.0025215194797212717,-0.10858551483162976,0.01854050346036107,0.02166781646237746,0.013899191088746507,-0.036577129021330625,0.0577910765719926,0.04212599184481758,0.07289955104224267,0.012849952740172348,0.019273344014376748,0.02283123572523258,-0.012181188526099451,0.016919025792596704,0.050817770107217886,-0.03477390879780051,-0.018005080801661705,0.06620923345009376,0.07377562577708892,-0.03149535091743035,0.07110996755609815
429,0.035049212576430455,0.04842897520083215,-0.04518773516364603,0.10957198125331141,0.023762550939612825,-0.017376205271217398,-0.07669536415504123,0.047765008252395734,-0.022567989179487213,0.11548891479178103,0.04574839041873154,0.01969603183776473,0.08094803506629156,0.11232967942815208,0.11170649783154496,0.1250993736465665,-0.007621748119603015,0.11169269310781886,-0.08715923079338735,0.0014460051560687415,0.15025880379694193,0.0654185508154385,-0.07064897748054756,-0.048835894048420446,0.028866522292432972,0.10431788052439304
430,-0.00196417382902514,0.051798339459899055,0.04162230509952517,0.08834871971886682,0.035002866653658836,0.06681605080886936,0.022175567786099488,0.09491579037283682,0.09588812894997173,0.0063939720863920675,0.04003882392743624,-0.036923698171314946,-0.007971487196896646,0.047046487033940966,0.017931687615942365,0.08534678015234849,0.012806983598236473,0.048459593320923845,0.09060445849661418,0.125993896743103,-0.023998394216968828,0.0026367041707661687,-0.027902352700672574,0.01164249431494722,-0.10277162491718694,0.012503994635954602
431,0.04793635617683358,-0.08050965304824141,0.10749145782881044,0.053535305102988484,-0.06828530941315203,0.021763947783970488,0.061116936054140814,0.046077691871218664,0.055398541076183215,0.026475969407799137,-0.010297981230791417,0.07635961784507946,0.011195630407828394,0.05573418159274055,-0.047996443773817454,0.06775231394089991,0.07573770497009401,0.03864002772999473,-0.006569703612905727,0.060887886667786585,0.03773937723077005,0.09865577357844597,0.028276196046440848,0.048014760144424705,0.010770794543859985,0.027750450624991263
432,0.12215672601225018,0.06524431639885502,0.00946592176619937,0.006101527322916706,0.046391241666839965,0.04693413264450382,-0.17460568022850428,0.021376352879511135,0.0782359805304196,0.13016210566694145,0.0440882883310623,-0.08423022525248604,0.041103692473707876,-0.0017455256594603081,0.03846061852268057,0.05162517711013104,0.05418139808727732,0.03407901915934691,-0.009802600868725826,0.015730045658078638,-0.04847483256479662,0.008886600448690607,0.1109842478495278,0.08350935615539035,0.07037124042508203,-0.1094941612470763
433,0.016182987301509133,0.021148575130048846,0.13887823300468508,0.0813143730641256,0.11475919707117153,-0.04559658996781311,-0.004854516965561421,0.006158286041695179,0.08166530949915263,0.08229612042000221,0.20542921931345778,-0.05881388742914623,0.06709428609189651,0.06927326897451758,-0.04462389814733647,0.04038593137742417,0.011722533267645385,0.056251208014933406,0.053281834010740145,0.039077419460711395,0.058478451988199155,0.006973532616091904,-0.029441190076799257,-0.030243607360504892,0.01082222781538707,0.0761982448336377
434,0.031981825977376165,0.0029611246833100755,0.0624251229294394,0.0322563772335697,-0.021536889496623173,0.05358536250745501,-0.00832880691454894,0.015235929639616822,-0.005404940700911613,0.047894191578438404,0.07851845877541731,-0.004447402462989525,0.09321629242133012,0.008867250087741493,0.06258324579725176,0.018367721604206577,0.05317218257046763,0.07593390429029197,0.07505717563823777,0.11915151772568665,0.036418382783882354,0.024810093446061648,-0.003928016062904771,0.04239850027978492,-0.05422973280840371,0.13120379733757995
435,0.08551723778079279,0.09848490094321201,-0.028277729768988163,0.1040546592877467,0.10151000883871152,0.027034700319348126,-0.014588669118078212,0.0817477971241067,-0.026981836145984355,0.01971255873855913,0.024714245115820672,-0.07529216241465626,0.019458465228779587,0.009695156621561358,-0.0923992624319502,0.09942486798264394,0.09977137101948397,-0.02519893476374846,-0.002772477538204865,0.04599380958628493,0.06140625444428344,0.027764250636665398,0.06968579169825652,0.035001438998940794,0.040730205193809245,-0.015051175207869064
436,0.003067773124795041,0.08326244775179177,0.023504862651124336,-0.003192861562221372,-0.008963279668463239,0.005813508323617508,-0.0006193974433011765,0.07386371902572726,-0.1577571698573332,0.14441579169802252,-0.04130442785008034,-0.023823668332041543,0.09259015373537967,0.015585302201107043,0.045500272344781045,0.04327882639488556,0.020979444544878583,0.03457615579318585,-0.0044363310033696535,0.10521741078982777,0.07400029606960806,0.08550801356815081,-0.035430330734352644,-0.017653231423123934,-0.007391320790320491,0.032840748146050126
437,0.03382558657217253,0.04916689607891996,0.06216200946783159,0.023599692983234867,-0.07149943109885414,-0.004221014145123159,-0.02371275059234364,0.011505907559712111,0.030862801969812077,0.11302735068243962,0.05352385075026019,0.0593942946606012,0.06934296950056955,0.0033186138830751943,0.03853448699420967,0.004975132386478934,0.08993540766539544,0.103689942422955,0.0013255566481732983,0.10231774155371347,-0.021261082029823703,-0.00964899057374119,0.013126689830249099,0.10208789977736264,0.05121057616950001,-0.03812540829405475
438,0.051380761668152385,0.1703540063975238,0.03417267892706105,0.06301438638654776,0.0035588766342357827,0.10271579537863722,0.09573197075663577,-0.011176583195807499,0.002494182465938873,0.006522180386063707,0.07068227211203261,0.05922843136745528,-0.049690161363552976,0.05312859856449842,0.01707670678650138,-0.015822894293722745,0.04005574561064353,0.11917958309783248,0.1057829369988335,0.09694409187098667,0.01706131808258828,-0.07149439123018675,0.04826006163933483,0.07552990180272241,0.029346199823249302,0.103640974910443
439,0.029686825446364085,-0.008998325479904534,0.030591836613032147,0.06865302259554233,0.01853521550267686,0.09893351500491117,0.12862550099084602,0.07143415657041108,0.05800618194181428,-0.014522986404997829,0.03394815995034711,-0.03352372702606021,0.1052782369577514,0.029036940247380367,0.026425734994992824,0.029719992185925394,-0.07803759087635802,0.03623709397207312,0.08830883904249665,0.027371939340356217,0.11632304664316973,-0.01735477094339925,-0.0028475831191599466,0.03161824253515518,0.204168651975248,-0.025602849870045685
440,-0.07138842537149435,0.09670588571241517,0.03172178491916722,0.025927933763628043,0.09635486530260702,-0.030574151088310686,0.12224449722290727,0.03760947785280344,0.05253223350998774,0.06399823705663565,0.0814261627918401,0.028104791527315064,-0.09781156356606165,0.13194503487256684,0.07867319470450164,0.09999126063317637,-0.03747906851558055,0.0026284734427215093,0.14108688329960606,0.05625277789432551,-0.002340405163614186,0.05203612187711513,0.002293665222790768,0.10182996732342192,0.004976685470377107,-0.08847728573761988
441,0.08649328398262957,0.049855743134313124,0.1183347534354001,0.03282530237823006,0.04757665608441954,-0.06821388108215631,0.0802814959794922,0.05681382924873359,-0.02242022508751997,0.04561079202851218,-0.033349174208523236,0.15049211000251075,0.07163571451170313,0.01980265920748094,0.08669241438041798,0.1077398186065175,0.06894294531666324,0.1284960151882685,0.18070624009252664,0.07134426926447697,0.03509161507429933,-0.00434208148937785,0.048322517107077856,0.0810734191791493,0.09673529364937387,-0.07432229547174085
442,0.0122409209109788,-0.006631173948505838,0.08393641740032559,0.17761755655463787,-0.04495169862878599,0.05742802247407042,-0.0041921216957787975,-0.008492130217274223,0.03177261257247386,0.038307672062066145,-0.004547947025061819,-0.02824838319298184,0.07242066560630418,-0.02002442455739395,0.055864918557177866,0.14946190719780014,-0.013904883232178273,0.03918831343085124,0.014807107178572032,0.04460445464482001,0.11241599158821412,0.013601378184102342,0.001743040718279243,0.06472318083746352,0.07184551010827554,-0.07521050132075278
443,-0.0026887244666995436,0.0629736817001053,0.052977902583839456,0.05350862403848272,0.03872181318075,-0.032454338469011725,-0.033105998315731654,0.06320203257891478,-0.024229095991265697,0.02924112398931992,0.049151987432917765,0.05914073735212364,0.035945196474524786,0.0539291748478532,0.04569306123487475,0.11635776098375773,0.12275389242090823,0.022762607574404257,0.0963296476106336,-0.008647519540087505,0.0790097535912699,0.05696622236238563,0.01644989202385692,-0.03745654632202452,0.07506802333565347,0.07395613534318231
444,0.004951097655247779,0.09266044463958271,-0.0053136546828512765,0.004416025696697487,-0.11603882906672663,0.05982986640731528,-0.09076957294765499,-0.006543668060188542,0.04428747658161415,0.06416085622229152,0.013477164864312849,0.06630676879012837,0.043045643743799676,-0.020042884766508208,0.0517453904661761,-0.007431994061775489,-0.027154071554985653,0.10183664134392027,0.012602916056955831,0.07025210642515932,0.10209711158371042,0.10349666525115947,-0.112271383271897,0.027195726864796134,-0.04021949698985058,0.0141590098169004
445,0.010400031073432514,0.10619490355107526,0.07410124664141188,0.14803132694937227,0.03544553462132757,-0.03469266427379989,0.08176882188024796,0.06627409906777475,0.13857256470224782,0.11429871799688739,0.08623054691831838,0.0271196634187925,0.09252045226496423,0.0037475443348845006,-0.015670076594112514,0.02045603517339145,0.0824094386576712,-0.0059194362763347885,0.0705349523050862,0.1046578300701541,0.026331881604905922,-0.033333337907682226,0.015550889034811794,0.13181103431489058,0.024532716463353532,-0.023946393839531583
446,0.062155651694000315,0.07265082314616529,0.04361417786151158,0.05008915317879137,0.010319960978227053,0.05901230030920266,0.02079155816166371,0.1162824041708244,0.023420631601898778,0.02634563821116111,0.0202079171218702,-0.021796805618065778,0.054841191149930656,0.07798108417754113,-0.03574856876421754,0.07229777735690325,0.054703265195109284,0.11233484676279032,0.07969966307737403,-0.0726020300831615,0.023721973518702588,0.046485657195251585,0.02935729802149467,-0.06612766863018817,0.06794727987544628,0.17356096254532474
447,0.02678789825966223,0.03508011596233368,0.05683511071451338,0.04676921684766248,-0.03569984361846529,-0.12360303713735944,0.050886183036529406,0.061875982728982704,0.03594702138410614,0.012454152998059667,0.01638252171626281,-0.0363371746523086,-0.016433692913705222,0.09426442622337626,0.041620521527935904,0.06928311500644703,-0.012841793692300024,0.09227581928720156,0.03265455333798147,0.06144372379991649,0.12620333236400802,0.04345336244602279,0.03186703835720606,0.0780459809051881,0.0770669496400902,0.07167608204838549
448,-0.013797741675741899,0.12802461945421634,0.02651643808755757,0.016015762881390134,0.023820204756639835,0.08532291127725922,0.07514691803557584,0.02106476064756461,-0.03235911970828015,0.04897717602003767,0.051097186251097104,0.03150658875511404,0.11561573359772638,0.10925088926757538,0.0720515977701407,0.09866801926155343,0.03664340954282771,0.07828547289788661,0.006114276063125201,0.11821398239860649,0.005953932669626534,0.033040254733496865,-0.06171918360328662,-0.012287195290087094,0.08232142603630772,-0.058730458268799
449,0.06954644821757615,0.16411657096552604,0.04682516425001528,0.04507715284717506,0.07522760572869365,0.02562958073092636,-0.03417214918190128,0.07214814361507009,0.05214754656792344,0.03489805565316093,0.041165912646511704,0.0475577942220354,0.005785001294353073,0.07244224310351399,0.050868426555501854,0.045068736358672555,-0.0520584540628394,0.07287962154209311,0.19870026648980485,0.0830697659167895,0.11296209471955565,0.035945312125486774,0.05724431346864199,0.038076769179231085,-0.04177169258484716,0.02994591313744462
450,0.06634218290048403,0.10794273416577432,0.019309220575603248,0.018569158520762574,0.09983642816823392,-0.009522755118591741,0.14376386693044982,0.0638826648112658,0.07949677618833466,-0.002613122293914527,0.017463331011331795,0.06398634613135608,0.0822400249524119,0.033175535466271645,0.025054201201835064,0.035180199937224155,0.0409546075561508,0.09554362948852062,0.05409969337784565,0.02211514595893003,0.024242341657598865,0.055922731630128286,0.052221424844716625,0.0035504009432162364,0.09447514206330838,0.026472459231067023
451,0.11090362129540561,0.09164859264574736,0.10340091002581063,0.00451857007481941,0.037436446350892515,0.06006353195897811,0.059082905719696245,0.06516317572967174,0.06657942398665502,0.09689673650959824,0.10049307232341992,0.022297820476022207,0.11853092602277503,0.13212706692241466,0.03401560184702559,0.0368287807185369,0.06713604060193573,0.1305690406783018,-0.014433001768857793,0.021889360552674764,0.03411819300326173,0.03819931005351068,-0.04386583537535103,0.0509537746100181,-0.00840296666805466,0.03149485493701896
452,0.06980692542313255,0.06639392067246715,0.043766753443736525,0.0909059296742933,0.11020360533981007,-0.022031364394418235,0.08746655441103353,0.004776021561994545,0.007732717155033542,0.08921021596038947,0.005289274163155093,0.03303002229390476,0.03135691253413977,0.03185349687109721,-0.030920591908184542,0.04489087903050126,0.11662290321073869,0.05616823042202146,0.09866298120022293,0.07332780528331129,0.07432333663142489,0.01594143646982693,0.1583664541311922,0.09512920594625325,-0.00042403271178905366,0.08964929244487196
453,0.07952254475255364,0.09391480182758886,0.1334505621164929,-0.002084461158786059,-0.016477566747403454,-0.02010638216639234,0.06577494848866056,0.04389699212018058,-0.013902367395036938,-0.022792458397271582,0.12362357274584967,0.11957109705135333,0.07520809453696849,0.09071133146704813,0.014925863061154546,0.10786235980815247,0.10825156799509084,0.01608684713780356,0.057875950051240875,0.10379221316102032,-0.0032640955914700807,0.026846768544697603,0.0034331658279109223,-0.016181293035968713,-0.0554449388348908,0.1038655224859371
454,0.08879888954633386,0.02499669491621457,0.029809857601293732,0.07814250212283097,0.013988715428764398,-0.05835355767833952,0.06054095136141213,0.037878702472967575,0.022848265072372274,0.05290936821514962,0.07310090163201388,-0.025474904720951225,0.05145507813794457,0.11424848381795437,0.0687432277421775,0.08696121358432007,-0.029422976211773144,0.08879910572047423,0.07516084138909036,0.02318355970204692,0.06952308816607326,0.016643002953704855,0.033427468028113805,0.07436162897600614,0.014281416072231323,0.0228835214561944
455,0.08607485898658225,0.08804289484866458,0.033830139580337926,0.011242786485444634,0.07208719372112275,0.03260545516093536,0.02737532432777338,-0.05152248609138238,0.004049294916464404,0.08963439316416649,0.07760383107817591,-0.021943730966637598,0.0023477006034081276,0.0653335651082918,0.09534768804246758,0.009100675648709497,-0.04726820218557313,0.0936040412506669,0.005828183473901054,0.04353832493807723,-0.0183245177166436,0.018518363201296982,0.15227056064265806,0.026288281687947113,0.06158490106653044,-0.028227894220212806
456,-0.011132289814750932,0.08257550174617458,0.013412043782110214,0.10518848360758067,0.09293341436687258,0.0820937421674718,-0.07174232000040796,0.06524870866861053,0.033419572637327644,0.08547645260221902,0.027175249149845794,0.055834625069384726,0.0924425011647678,0.09933826935551489,0.05120142079940946,0.03971873540053773,0.009071333856258561,0.04588173132837196,0.0015557990742937067,0.09000400402235996,0.04977991074723369,0.07468501868006656,0.03503089821890074,0.035229641392227916,0.04000474783240086,0.03194623270495452
457,-0.008400896723263662,0.07774379080566218,0.021860373830199564,0.11520271240648776,-0.05175822995204075,0.03337457170416458,0.058926586365043276,0.01835614235996902,0.036377989925453935,0.08085057155675339,0.03222213847520481,-0.09102261657455431,0.023608929197061666,0.12586597328453367,0.02345657971715883,0.08625007502503168,0.13284776936404663,0.017434262169773507,0.04225579974514374,0.07832097373881626,0.0681468003755346,0.08189260132936406,0.053074098262561244,0.021784821408256366,-0.061572553374302695,0.06782809088248191
458,0.045449577775863836,0.1010029417746786,0.04591359047966119,0.060871846077746074,0.09435216878779706,0.11570088566724031,0.05342550703200666,0.10609499138914223,0.08921213599188277,-0.11373162140065729,0.10673604735543347,0.05592456462182425,-0.004829121650277249,0.01549896412620124,0.07564558287629897,0.0379872916909992,0.01845001405054573,0.061438046828315405,0.10684243599274286,0.06893440368645391,0.10714738543774203,0.1176023520634285,0.08862718144908889,-0.07080200516630236,0.01298191373247633,0.04985221334865625
459,0.008023180717938023,0.0514629094416746,0.07719613281900572,-0.10133445976579925,0.04006766242995927,0.04269475884439459,0.04473965637572493,-0.023680758478881403,-0.03041469334175647,0.12840766130205442,0.0516130433505834,-0.043887206706748415,0.08313494370963137,0.09605553755559569,0.09819291172144358,0.017159627241685904,0.0034466770355897993,0.1549569289416796,0.10280757963711197,0.05071529226007073,-0.057480977463568984,0.06786885507665001,0.08127351477650036,0.04892772150705199,-0.0500438766054618,0.0462613894936999
460,0.023641242672265562,0.04492103604961839,0.09980833502258814,0.034680704205032775,0.11715408756321462,0.0458488212327148,0.0010080719794789232,-0.0018939951013176395,-0.026759966681026797,0.14136403350028892,-0.02200395484559157,0.09215153683976042,0.0716242380188431,0.12311418850003954,0.0875855437076868,0.04521932008452131,0.06315857454884068,0.06976183177756319,-0.05902896366822693,0.09062442806236633,0.08501837414970281,0.14952730075351614,0.018691995072415403,0.01374066933515953,0.08677829869040003,-0.0019937203679997553
461,0.014165933685258536,0.07385803436659304,0.16280447683072766,-0.049871839965375954,-0.03612001424794999,0.1066664540926947,0.07413996603780613,0.0455948709839335,0.07323806224946662,0.05088959365982252,0.02983962348836041,-0.05963345610038784,0.021589724272198463,0.05904745124361419,0.04118920330327164,0.088988551020948,0.05902639618536052,0.11608821142401342,0.09957935257899503,0.08141748459924285,0.033828292912939685,-0.006206940122323848,-0.09899166276148454,0.05316406972673835,-0.024275792568400456,-0.018939238775813105
462,-0.012358869964063343,0.14154454653332957,0.19539055921838286,0.14616824411967916,0.040494207261939086,0.013314314179054765,-0.016221690191968712,0.08834803528682167,-0.05575266549395715,0.040123325219243854,-0.02103153674241348,-0.011931528548383677,0.03922047497350373,0.06259973503734441,0.05426472708244481,0.0200545298802627,0.04092159356345543,0.03525005300681344,0.06423707719895178,0.06748727403230197,0.007810301444303095,0.06979725407546039,0.060399073712109695,0.014726307941868985,0.0715531817554481,0.07149955710451206
463,0.05942363681473815,-0.0033296536904054057,0.1244133081569085,0.014711786030987217,0.025046341040584046,0.09977707877295584,-0.03400302430470983,0.06462836542387666,0.0860228811019223,0.02325294798965614,0.09816565459686777,0.028628557373021907,0.007355870375270561,0.031591507615391645,0.1604914169995704,0.11509086631018257,-0.007635535546321144,0.1175313922591379,0.01162582733030219,0.025929513145984257,0.0383790937847819,-0.03683246759753056,-0.0033373650444109924,0.04735959598932955,0.10509201285187812,0.06764381841725191
464,0.1270315951294885,0.08271886608773492,0.10763750703052345,0.024022835098396034,0.08407206744628759,0.1465074313855416,0.08256666393844264,0.0033078703683743216,0.0837657801278849,0.01784564092908932,0.05229241947945018,0.046623732517180806,0.009500824078553497,-0.04400660551688248,0.06158913129707879,0.03880864222369621,0.03735552664642178,-0.0018602069779219779,0.05194009226398279,0.05497028916063753,0.15368301166276255,-0.034694148386414304,0.10214406760886312,0.11343096482601278,-0.06155996917956025,0.11281300030639142
465,0.05708802531678051,-0.017226874196815272,-0.03628049750899609,0.007270980887508956,-0.020170968776033953,0.019971394462975873,0.09492921989736819,0.1257293528635222,0.12323613443266541,-0.057795042400658435,0.013511290779038435,0.005856832798247798,0.07551127261756448,0.002316931658796909,0.14834114739677642,0.08187527648270998,0.022713027172115263,-0.002815130361060847,0.021868562158037525,-0.0364930647040476,0.07198229055471732,0.05276992835792493,-0.00035022358670389053,-0.057776243092160416,0.028200375792878395,-0.018879027570474032
466,0.05224961322058865,0.03269491010823659,0.02909539239074797,0.011364271421640018,0.04375693044478587,-0.027011661031425976,-0.05981449787666796,-0.020475855212838196,0.10065940789134464,0.0057250604082379475,-0.011950769405037068,-0.06632186924317955,0.09259372060370964,0.017896743780705788,0.08404033898124003,0.1121602334752123,-0.005460137469476304,0.0034299740457123438,0.09225567162110188,0.02063074868924007,0.11656388345857223,0.08904971089659858,-0.04215187578051958,-0.0030988495233566318,0.0022640170514258338,-0.010933602366352269
467,0.06203095926349086,0.04721241301038315,-0.012393142039369013,0.06835719374382244,0.020348577308482885,0.06727375962101419,0.0525194463122781,0.03951650748740959,0.0064669760404577805,0.07959088443315054,0.06643901577229971,0.005656733795447696,-0.07578914488573589,0.07954291428260674,0.04325709151725524,0.0740532001513149,0.06071091701120059,0.07330177631776831,0.05312560009463576,0.04829015199982378,0.05181111287882497,-0.032544908704150256,0.08095653744940358,0.03557805801782099,-0.01600966179515421,-0.06131963898858589
468,0.13713132926305274,0.1345668640399262,0.02805426505585914,0.07615717528809247,0.011674299202703428,0.02603895690425051,0.06682714869092944,-0.011647855409011216,0.041184138264917534,0.06698414478961845,0.05024032297237215,0.06732318009339416,-0.12081780333459313,0.10749025067212505,0.12526647257744214,0.024895961740206494,-0.016127666832358684,0.10421457122620077,0.03479477654301173,0.08408267622358619,0.13574793170049493,-0.019484099188454784,-0.08744973838873395,0.12568389290517723,0.058316834621865765,0.06492515618607626
469,0.10894457557544775,0.043281720114714074,0.016574550818102995,0.024707731398514253,0.029685908333835553,0.10774569534064664,-0.017524558232588878,0.07972465170349645,0.039619490231341446,-0.005525909270509647,-0.052641353673633005,-0.0920056012889409,0.06793383453306417,0.07923961777948,0.025116549082671413,0.08807202451144125,-0.004791699084986204,-0.039000294290202166,0.07576295446705505,0.0993435236462707,0.10502744810957824,0.13502535742567454,-0.02149446934476429,-0.0004980493271667571,-0.00439641530865631,0.06167953636546732
470,0.03787692032026733,0.0884873224708574,0.0012458584673017414,-0.012103662683068154,-0.020807561359610004,0.0398792065341648,-0.04368704602486686,0.09589006681036975,-0.03457437146489319,-0.06956979280692,0.03265703618860325,-0.07593828532262521,0.06070373846581467,0.051138613770981264,-0.06719774520966844,0.05149835306555174,0.03064500099917185,0.0067532477528660095,-0.0029578174024700865,0.0676499271097863,0.07035971279507558,0.06455281629185067,0.14964141258795813,0.033573151800310695,-0.030653863709891278,0.03801997382666918
471,-0.058779013856837946,0.11230020809764601,0.055416334193154934,0.045513064935210165,0.027035254510913487,0.09490594802577391,0.08227001790754555,0.09084865851353437,0.034252670641964834,0.10037471956414142,-0.07310788504081352,0.021219268870255308,0.08168498591051843,0.11038480125970139,-0.09032391883856251,0.005230865384558877,0.04982557127318066,0.03827192745532282,-0.004147676947405217,0.015544703046003047,0.04275245546060482,0.06044848855856692,0.09037725939894892,-0.004428485194542864,0.1511452584859883,-0.04409241395854861
472,0.03791825245075194,-0.004951111891914846,-0.011194852391277007,0.08298483221119564,-0.031945843833272425,0.011141996234279028,-0.006783635978000191,0.02479066898207819,0.02095264876896774,-0.035228696116613556,0.07043410612253664,0.03866806045597796,0.09746951352977534,0.03118325243093445,0.0033125868170224924,0.06036128195875227,-0.057100387128136774,0.052285792198161006,0.00942568714061609,0.061321392120368134,0.1648699019754076,0.0688236908808295,-0.02794102908350512,0.08782618071889882,0.03660614351320479,0.05953625570349608
473,0.07483724384665603,0.08159264200855088,0.07474959739119112,0.0723769657448995,0.04316586613164567,-0.07488920618130811,0.027455691201076455,-0.010854333018748497,0.052617267493869815,0.018338327784267028,0.01211061459097675,0.03840650169661038,0.029964324851115963,0.03353619092481919,0.042548386605158785,0.07114670910554394,0.06304751895950737,0.06549538961962141,0.01978641655325993,0.09814462600918307,0.05999041370963536,0.02344189455283091,0.03702191754859174,0.04397431312708825,-0.09222368780990638,-0.012691685739614286
474,0.07892111447144352,0.020897213018157078,-0.036464830323894894,0.09253512722377898,0.13484386498199366,0.005176825287308284,0.021447374032816175,0.07786205404139308,0.07924286365985987,-0.0076224922874388685,0.01875653783089944,-0.029855835466620146,0.08629455253283154,-0.0040131521050500996,0.019644627182019647,0.09624229549607179,0.10522895236815362,0.05869334384445633,0.05914729602233112,-0.018171936175895374,0.029426070995883367,-0.010936971522844192,-0.03507331421235984,-0.01345071773413059,-0.022654360865941008,0.0008367696032834937
475,0.07831678936685645,0.041312802131910575,-0.039102386933001644,0.035302954198811964,0.004391383959777303,-0.0444985418230871,-0.10059123062889268,0.0451159401956505,0.004797956579321953,0.01540387796635114,0.08887078498418859,0.10004961517362644,-0.00736870486236659,0.06919057898672872,-0.052996502234199716,0.08926497908740984,0.056925244136933374,0.06457179074357294,0.031219079413918015,0.129122131178723,0.05937183907366187,0.11401631962657295,-0.1021797615942814,-0.019825164306824367,0.07789698777046868,-0.04392939434261665
476,0.05697570224655326,0.07543079836835388,0.06681006816634831,0.07460039712833344,-0.05879895191650427,-0.07939194516859187,0.06899650749927631,0.0692929072825495,0.019468522251139264,0.040179328119786084,0.012227029763767735,0.015022591161078866,0.0056220220497213425,0.163424859243355,0.11168375592789315,0.02643588935399984,0.015101461021402713,0.14627835801500896,0.0866873080254803,0.06137689043196024,0.056513792848818314,0.0895132630494317,0.09751967249691162,-0.0676865933285616,0.08243630197279465,-0.07308385999889698
477,0.12342155373343783,0.0818986779553847,0.0754334126527396,0.07041577943951832,-0.03406032185036212,0.02983462171789212,0.0855456006702739,0.048701999203169234,0.04237094631868347,-0.05283501882123973,0.11332857897278263,0.08552459356410691,-0.04054729620957972,-0.007936784033778824,0.09182454262369806,0.06715506525749378,0.035192831135385405,0.06725277523374355,0.03545080488081213,-0.054018392124279925,0.001195483751088744,-0.016929844838353542,-0.07795478401687822,0.07791261644791896,-0.013126721522004097,0.06512325930659557
478,0.012925368269592044,-0.04909547375083637,0.021518782124785602,0.00928320737923442,-0.008473332039054593,0.07274115831979171,0.020513151024482108,0.1959637010863193,0.03001388580426671,0.11849398559855882,0.03887372761647221,-0.04588329751224407,0.028143772649694455,0.01649279792757515,0.16346048069974017,0.17559780633338895,0.03068727886859864,0.04550853692717832,0.08768650260802635,0.15975848813978633,0.06763001411139417,0.11522490753710934,0.1260481630647635,-0.01777614365007766,0.044125716836565944,0.010804579809464698
479,-0.002004692536549668,0.05835117753092863,0.08915022618181252,-0.07077595892620224,-0.07037658717203482,-0.11136944218049079,0.07090374839973046,0.010154929096992152,0.03998195427345839,-0.00034748463283277697,0.1031062417346762,0.07878564790933178,0.02049221436017649,0.048322388483758694,0.05418969754602095,0.055177293223718935,-0.028058093303143388,-0.017030127552132974,-0.005414682650003962,0.10415911632840252,0.03534814158677809,0.09178481497913679,0.02579884692346196,0.08527863265943132,0.03010552974250476,0.06004643558151831
480,0.07987868067682807,0.08276089142071497,0.05324755761509359,0.0070646643847203094,0.11433943811879006,-0.027712412564370587,-0.07002489896886017,0.04510024706727089,0.05297500174726736,0.029519211104954386,0.10572825799434304,0.06987192749724026,0.023306651506170357,0.05203254644409642,0.041462138006208536,-0.018831885814997524,0.0015366907619950667,0.09520701944969934,0.07166461857996953,0.026604361138053978,0.007642962085850691,0.04836283041094399,-0.032443324453454346,0.10130008930792918,0.10905706694659689,-0.07993701536273869
481,0.06831075096715193,0.07307266542241829,-0.012624059367162193,0.14342238566796184,0.16559097005833853,-0.0542881912859605,-0.04251174091900306,0.02458558414169994,-0.030177424043474437,0.0340703873850681,0.018083500713058788,0.040401969580296924,-0.017355559087253003,0.05569498183451101,0.04849411061759629,-0.01065365401982519,0.10779904381846561,0.03354883923849008,0.03890268067969769,0.06786728390983908,-0.013896437269077706,0.14560822736881066,0.04534213278150464,0.07078391435249735,-0.018858649581369884,0.09478121805690981
482,-0.026402681637770264,0.15293796799567747,0.005411094279993756,-0.007661908867892956,0.019904194599456543,-0.05751739573141516,0.053218311878309756,-0.0061674554087366995,0.07969677699291915,0.049947786496383484,0.0571029145270732,0.12275488997071644,0.05221966891353876,-0.013333082569740196,0.0036972915646538707,0.06491494925756813,0.025129823114311667,0.05737384948023135,0.08015251482456648,0.11411548891983553,0.11573700093144808,0.07633180703510535,0.0002380262789160592,0.005329156590199446,0.12464410554811196,-0.011520765782195111
483,0.008890548707968423,0.04296662596694728,0.05232624508855973,0.14797582643228932,0.0654566462123644,0.1305642098254289,-0.04074013934241912,0.11041172931160124,0.03391679266037292,0.015723926349665834,0.04639830942577461,0.03529195396656463,0.09808496116557162,0.028242194331068005,0.08528682003125963,0.0186753821109207,0.06327942216624827,0.12527473524170565,0.0888772941564024,0.0900879044656091,0.016083974171943644,0.13115228428284742,-0.06624871393957482,-0.02055675315819655,0.04014911649805316,0.10059616712009262
484,0.0548129596135369,0.053295786427949944,0.025698645977323374,-0.06875320278304937,0.054751064601684364,0.05036389191203883,-0.003117249488294412,0.1742082598384069,0.09437853012698318,0.03783441664933999,-0.0670900947105234,0.026505797489392746,-0.008804611805998435,0.06318950653336368,0.006666588559060087,0.018527560508801978,-0.0017973577881010652,0.06193104313244768,0.10465483086549827,0.031202865367212933,0.07194500924271202,0.028163271712492166,-0.0866562404155972,0.07701969168360008,-0.006450517904511084,0.002903592074222916
485,0.07616820059087043,0.10161470359949228,0.04168111372994484,-0.06755466230977765,-0.008996067086979772,0.05106009196124147,0.09908894842410511,0.06976066808041925,0.03169123370758842,-0.04244987751435625,-0.010968968012955882,0.05746792887739827,0.09629485749630051,-0.02135249252612348,0.048515333551269836,0.0595718267897159,0.08903831212731543,0.04373082243918763,0.1640854731425969,0.0780366311137598,0.01223315774492815,0.03447144683124316,0.0025599256097887193,0.06586622634526285,-0.00565078277489737,0.013538823876592629
486,0.016287547053090712,0.07255302621026133,-0.0714172816170181,0.04863793150039153,0.03577620803332637,-0.03849074166043753,0.05681010027486925,0.1173289915916952,0.043342385368935935,0.026410826847395746,-0.015633514307208756,-0.052466997560690676,-0.020946129612089043,0.04853795048861561,0.06238706651923949,0.07921230404694268,0.04281610670441225,0.07288044536677829,0.045777616848711886,0.13076440708691503,0.051524787743009504,-0.058585312606201034,0.060548969498996096,0.12231991391382173,0.07329064645232546,-0.006543854070224656
487,0.0532416638801693,0.05975787934104948,0.14366006320550306,-0.024887892044866782,-0.020788684173063527,0.11452828874944211,0.02746702348012871,0.03813494037613503,0.04113182837116395,0.09009242279273615,-0.08756737396406117,0.12294592688221147,0.11147952660244194,0.016314773555631046,0.08755837060750526,0.018170821165149342,0.06340828639541563,0.005551419813747072,0.004562849530154159,0.08217318413374164,0.08441107373885016,0.10990174920784317,0.10831553685353379,0.0037597657572319143,0.11657245551877367,0.03484889638787129
488,-0.00874659073298852,0.15704892924844766,0.07145005362693846,0.058437356994904745,0.03261985094204717,0.04642548504245129,-0.01917477968511198,0.06493345441206337,-0.047874104228238214,0.027866872323421926,0.15408179624078125,0.14673875165257158,-0.011557003422311732,0.09966206033306384,-0.07071861262390455,0.07541973424678498,-0.07105495191951731,0.01559542794593379,0.10382349249617105,0.11790867588354513,0.10284617217009974,0.0008486804798821059,-0.001034254036301696,0.0345004996047528,0.06315462470536683,0.0052613828846835116
489,0.1339935281401037,0.07440618153392069,0.006365946348070565,-0.11335031030505914,-0.057824264443353424,0.07120012447373976,-0.1512669278518882,0.1162436259152601,0.03223617352790348,0.007603177500911569,0.02048511362228994,-0.011741548272737379,-0.009095090074054252,0.026449443561903912,-0.002315393545253286,0.03718028168403951,-0.04286480545795076,0.10417254987041763,-0.057710757175688666,0.02051548273539679,0.0678021449925026,0.023004765913176833,0.027348453828552704,-0.048681900328863735,-0.008988216536995552,0.008429478722117207
490,0.05369910818607206,0.0325833683282998,0.07866797242815253,-0.01474402633065432,0.08744660771535151,-0.03899712605958692,0.06288468361940965,0.03950451303700436,-0.027347179657265592,0.09089347160410484,0.09615825344537077,-0.014218469105922227,0.04644528627211745,-0.062020991981136565,0.013382436499549621,0.1125827066591788,0.01084573860815217,0.05737163820855532,0.08133509836964847,-0.015236956842495411,0.11660181198666648,0.08948287997184873,0.1280158280039248,-0.05571156093111033,0.059898230615049765,0.012589875253312899
491,0.08796638555989404,0.07000465966923236,0.03277349580780514,0.040833042087893144,0.03276819293368333,0.08902208398458349,-0.01657739760502719,-0.016882683359924083,0.1546005839026308,0.03674127783956014,0.09514001605208984,0.0210402394198963,0.08636076527493557,-0.009367755395500795,-0.08925274934124278,0.047731529982629084,0.08292808956466734,-0.024815998828561687,0.09003714223753854,0.09708936109984793,0.05591137656927229,-0.004915534920111986,-0.032756523615765976,0.05269664494589432,0.06484938469680228,0.07777144191884355
492,0.05927202909282384,0.04867122507260552,0.0213828574738741,0.11925384101384919,0.05878994619297393,0.05834043126651134,0.07441178372693998,0.03285738586062481,-0.000557139472848486,-0.05505117482205263,0.056776929214015816,0.10289736686146193,0.050613619822111634,0.024768517308717618,0.09907339363059504,0.08980016831164055,0.03568364110556107,0.04619593459745103,0.033105769747484616,0.0880752853317636,0.1583624914863582,0.05611203432636854,-0.0900227076784446,-0.004572199922580011,-0.04169125481311048,0.10533839939595106
493,0.03129079182132125,-0.0030751272490489776,-0.0659025738007651,-0.022824445484011115,0.0893197826050146,0.03278251532623292,-0.022399806250162024,0.08562225813984546,-0.11319177932171322,0.0035257366692848704,0.0057652600980518205,-0.02886176609064267,0.03837964311312431,0.11499328091559845,0.054929947588308194,0.09109032371748167,-0.04227781244656407,0.1221539964962281,0.027305408313356504,0.0462531322396786,0.01879674578749054,0.06388935661166296,0.04630200747880962,-0.058771938190399275,0.018829733677994048,-0.017761801803887846
494,-0.009074033039436491,0.10610993343273527,0.021655701560717,0.03614317977396395,0.02680155671812323,0.0803042936694877,0.09942652509673656,0.09022879345100203,-0.03436209660913662,0.001365913987243783,0.05702260936673057,-0.08242943441282295,-0.016851020355290847,-0.10187128081482925,0.09978321526246803,0.04236954565941892,0.04136609130003273,0.16893496776313646,0.099460802798592,0.03270191210304202,0.07309483523812206,0.03019135455573028,0.06840375219258814,0.06468053569077388,0.08358107559489503,-0.029444992799680086
495,0.06764709087916225,0.04609692775525792,0.025514579554755334,0.043811984099200896,-0.04722102634522518,0.11644571191674569,0.03381075321554459,0.10180270706585866,-0.04393295151120086,0.0489812158793401,0.0736361517461619,0.002803646702156419,0.014067210468788264,0.0038190224592104154,-0.010744910413579426,-0.014952419812624629,0.06968287464321499,0.020706650077343104,0.006615723455393648,0.057130777869742425,0.01598453929993669,0.0872314122059718,0.010985271133622503,0.08303065852688134,0.028449473135905477,0.11925907352915756
496,0.03634458997363869,-0.03986118934277886,0.14698359397798702,-0.0014680232666694493,0.04058980466912606,-0.05954308241196201,-0.023062578933402984,0.0386201915547284,0.03381110510758115,0.017081585734061894,-0.02744770508872335,0.03930806033538133,-0.019932940894980173,0.13722064757846802,0.026764492204458923,0.05510926359681837,0.08877904546244442,0.07942027167854837,0.0831269558872217,-0.023822753581707545,0.060937468252901326,0.027550113201540917,-0.02215179108721192,0.12498146715749026,0.1109575610029137,-0.015530869138651019
497,0.012183004410447692,0.09352272710282478,0.057901012789177544,-0.06274395123646716,0.12948489496413326,0.036689473442925245,-0.054979673892155946,-0.03937565252124429,0.10063321006678894,0.028989868279769643,0.12051264631726037,0.029617785306824646,-0.0017888181545009374,0.09536523339795587,0.07109553754910496,0.000270897309004277,-0.05029475324007956,0.10236745879149288,0.04791856529441089,0.112773310636889,0.12608556366264967,0.08376413349614892,0.08026411922672189,0.08924417340837569,-0.06214130155000489,0.04231322878974218
498,0.020477996057548815,0.07368689657198123,0.028885861622128455,0.11544244887530848,0.1023302227909499,0.04889486944247186,0.02594912141303803,-0.02542710643871497,-0.04792142046135406,0.08331829052264415,0.04611978645497561,0.03378699411343775,0.18485176354880398,0.06085703422662738,0.045617825954618905,0.071959278607839,-0.025868082000209885,0.024183003289587224,0.07098095559496298,0.024732152046786395,0.02142558371811506,0.11081371659963425,0.1225656704360345,0.07870013100862339,-0.10599574347595885,-0.14135310425233738
499,0.03446788706420373,0.06416003744569733,0.048844919167573254,0.008605657963379365,0.0552456148321944,-0.06707725295213585,-0.006526104622643821,0.06346373972837986,0.1498818369206508,0.11106932644631203,0.092275464716161,-0.035167475518685355,-0.01114955214400944,0.1415098271301076,0.09448618671101455,-0.004798983428678312,-0.03256560461083308,0.10051795070816481,0.03383022396427534,0.019197842865951775,0.04827552123361145,0.05762254228733832,0.011616417582173485,0.10950237555682064,-0.0933045626247213,0.06396463869433766
500,-0.012948664765756032,-0.06585788583802211,-0.010078612261090544,0.010392240644427713,0.0007116533595856547,-0.002258936826449842,0.06311187730705296,0.12384872540409088,0.015904858247041853,0.06454659450274784,0.04337000311718706,0.08934532997857164,0.11797562455280397,0.07358053062427566,-0.019800878691956476,0.10975488104187552,0.06641507903281928,0.09401048804484778,0.1285038773494278,0.047416097903819995,-0.012368459476531793,0.08079409196716607,0.07059550130649218,-0.004938271332123527,-0.007556588433160946,-0.1027551963171992
501,0.13371778039390933,0.05283846985134415,-0.021025568598726747,-0.03952415835168919,0.015047293297387021,-0.0013164483196397105,0.02720293618420392,-0.09160922515211367,-0.0715156876967713,0.06392695456006736,0.13153180606747175,-0.046382833626823605,0.0030548196904078284,0.07353679655103833,0.06856979930512364,0.08544910038928649,0.07581488928872697,0.03341553507903953,0.039018619323228365,-0.03820611789161728,0.08210037608657267,0.03216618665217619,0.04140869700772006,0.0517411435625574,0.006952917202002196,0.03350414766249876
502,0.04851347893510002,0.07744337859800465,0.037117763368243836,0.0014597997632500026,0.05144905957376019,0.07838613417648577,-0.09616709271187958,0.06984351346175428,0.018667600926627854,0.07160696220332602,0.026422988246756134,0.009876441831491944,0.10701890290231336,0.057007747292335174,0.15211158380557865,0.12891188939582035,0.06064661050931822,0.08482720450892593,0.08698633529772754,0.030115053706499622,-0.021377011233734367,0.13727877032533706,-0.025446047517859283,0.08205068451835794,-0.0034617023206874875,0.10733211008639261
503,-0.025929159188508893,0.0783661968018653,0.09973296223009513,0.06798395854181666,0.027306061291681782,0.06422880420901644,-0.003183824325354764,0.1039903929211477,-0.03194299361062627,0.05943551674467906,0.04370058110317737,0.03095178918192637,0.11528249824686544,-0.14073150637766738,0.03305538290400754,0.09058462114494624,0.005088171740979844,0.013252412303198662,0.1217750441433057,0.0999711514464477,-0.023205781255772884,0.02194978154629649,0.09325704422995655,0.037094254069404364,0.07297768964718408,0.12316929277373556
504,-0.020587748726823802,0.07692505074353868,0.025628121536891053,0.04823935868906385,0.0714684415582812,-0.052646051416968175,-0.09808462633029306,0.07765786279058423,0.03818813071477974,0.004454626778674994,0.026907966826004343,0.02125738038230359,0.10146022542307497,0.07558847905582916,0.038642822509855144,0.0860296347566608,0.07079175660553727,-0.024943070985056843,-0.09414439235690746,0.05165462467387888,0.1066110080485037,0.13694205254981717,0.07764651361711726,0.062210909308951824,0.1138129072271996,-0.02240623302353545
505,0.05565623156256133,0.04625553315573287,0.02516258295947834,0.036182522917926375,-0.00020476111568991828,0.021318490878607894,0.015760311816036026,0.0602122622796646,0.10087305081437208,0.008573950830500665,0.05393131537986758,-0.006276245297333763,0.0523345421241763,0.0292868043690094,0.0683400061826804,0.03297259624962847,0.06056082481878653,0.010492244312368651,0.06767893518328101,0.12413590716253121,0.061130608431233135,0.03497194549511634,-0.016225072073010677,0.021519909064214193,0.007673040032272908,0.12778412026605676
506,0.14909187902532048,0.09823248166753872,-0.005792658203290446,0.020868107792546626,-0.014706710561990428,0.08872083223710896,-0.03771124643491016,-0.020879910025393765,0.003963112572799243,0.10442224867049467,-0.03544966936901811,0.015655419771624546,0.06615578540187493,0.041389946956520686,0.2119177278863062,0.10803569177400119,-0.040659944218155185,0.022663709519175367,0.058880995125461445,0.0869792157845672,0.03835071911407478,0.0029013983638467673,0.07972852355426223,0.0734973491263957,0.029348227810420364,-0.0503128084205785
507,0.008854432227217896,0.044511975593002885,0.09055834206343977,0.0961018600052299,0.014485428102374836,0.07562553799083933,-0.03883339086318963,0.05555002882252088,0.019889177669664637,0.06923984824471831,-0.06528601119816428,-0.026512680325415205,0.05624006291262921,-0.0033477256127823667,0.023065176484754164,0.043253046266467664,0.06460778900417234,-0.005864218539878545,0.1725286460929133,0.09137728194701485,-0.1620731992054078,-0.0029699157779564294,-0.0016362992895867512,0.0838105204666985,-0.022354775535239735,0.14204253039601666
508,0.033983335481295764,0.14623370939435185,0.0871141982106201,0.0096806322149632,0.09052789180727637,0.0022018196215586507,0.08337484197041016,-0.0002757441982969193,-0.02446497227751236,0.08387179107486009,0.01309722792135241,0.03375844903405848,0.0792244349463219,0.04065207112962107,0.023963698975468815,0.0027301382730474666,0.05307304529393975,-0.02297843166756519,0.06246344449605745,0.15865741442573264,0.02971285867119163,0.11166101262630461,0.08219021173307085,0.12092247699291704,0.014549972772250822,0.018243998182641795
509,0.048066411592935065,0.09071420976438854,0.07358155380802477,0.1247963991838096,-0.052323585372168746,-0.04353781040721747,-0.058832811254694674,0.07958843251147307,0.11151309599514168,0.07262858513320018,0.038827245864336245,0.07873753695202806,0.0786215216206675,0.05311899067236081,0.06572642247922318,0.04077865036475834,0.04697729585116003,0.0714398441296899,0.010450916740936973,0.0539158976045895,0.09741219761310105,-0.05933765026237107,-0.088340757291137,0.0922663631246788,-0.010933953437567404,0.05562292481461284
510,0.0009465735205088643,0.05488642373246472,0.04717849589672085,0.0894674516685402,0.030707470260635434,-0.03581227828462097,-0.027062197447290732,0.13813278618351635,0.07011115023883607,0.007324521161913622,0.08427456729706612,0.03960673101346464,0.024311244289584588,0.11669646322467316,0.045529118851609575,0.09419370785387492,0.07025091270273974,-0.07055914045895988,0.024572814439764484,0.07576665090086987,0.007023339620473264,0.09257527085187323,-0.051271646861141974,-0.012446111340415364,0.07146969141614438,0.06292183566832764
511,-0.02415230402079351,0.1334199028498793,0.19140834064259246,0.06265672956094492,0.01761947042486045,-0.04185196517764809,0.06887507009341287,0.07430333297674509,0.04800282893774669,0.09611983670868324,0.05233176053746421,0.04074031993426649,0.07047630785457559,0.04743186164270574,0.14432900106877813,0.07272917510848596,-0.010144432705538978,0.09464804300634977,0.10708854922459543,-0.013601492737394343,0.06157271538783099,-0.13712234274373683,0.005748634450891929,0.0077121784147772265,0.02734780078326417,0.08240351594639599
512,0.037734144265918,0.023575046407703398,-0.02050140164630378,0.03578164013670295,0.1304779474946813,0.0633600769089338,0.043775440043243595,0.024043149886564214,0.08678323949959177,0.0818436640609927,0.043940231202616954,-0.06634286630878117,0.09077555017686212,0.04469031875359053,0.15784291299991818,0.10590901322809644,-0.03900820842587466,-0.007689819288724864,-0.011840806506016746,0.11984655926682934,0.088053489163454,0.1239963920811493,0.01818765766249127,0.043554234378711865,0.02375716014922019,0.07202642516808773
513,0.11122065140597902,-0.14558193375765063,0.017100457667120244,-0.13468368586256838,-0.03247260993200488,-0.06796759266526287,0.12164640921523617,0.0038073834436768337,0.06980770537246868,0.0025885143788941245,0.02396291148821239,-0.027964201684757144,0.08969620690189566,-0.038538737222269116,0.06154686578150681,0.07367568156635022,-0.005697560579783101,0.010783302995176824,-0.005403254835379234,0.031959270785746154,0.06865179416240609,-0.002919277047444842,-0.029806786974263238,0.08488925775371385,0.060404181835193325,-0.07525211846861063
514,-0.08246357704528313,0.13149928855217036,0.15144423819846461,0.021260079975432184,0.03493948416865352,0.049810152484677905,0.00348852017766806,0.08831805561189314,0.004285968437198121,0.02484332320552298,0.03441304862783057,0.03193392528823443,0.04244630772331659,0.01479060910429092,0.050493465657535874,0.12421541678927352,0.07026579380419525,0.02584990540150071,0.08128081064817748,0.11472475589180643,0.07784328549853532,-0.0412330178117151,-0.075264149924881,0.06578347263051036,0.05465195179785326,0.00314817138918827
515,0.1481191144613528,0.055118347447739524,0.09012645476815682,0.07194051098381009,0.017187187641645583,-0.033250560640019466,0.0260748709748837,-0.03495448750989786,0.05302234013872666,0.06799349673777366,0.037436063330611856,-0.04988058007201427,0.045597385603192486,0.042278206586783884,0.09827837716877687,0.06211306441295147,-0.015693975049147935,0.017072447747599008,0.05533234569343944,0.032246260282872384,-0.017389495741774008,0.045172888416075696,-0.017787756225270606,0.0554686319967321,0.056969330570156164,0.054717811743867084
516,-0.012905052845335588,0.005376660335328446,0.06661742513658381,0.04566645892867364,0.042916227289742204,0.03175941952866096,0.1706276002780883,0.1786024896411905,-0.027074356161748896,0.07243758089552155,-0.005042175680821584,-0.07390778446636896,0.013243950708818434,0.0243341875947492,-0.0659506965682667,0.07154130717400649,0.0038868061437845602,0.008086776714244515,0.08172365693981919,0.05599899368879999,0.014681766764847374,0.0812487473038893,0.01743458709596646,0.12682635708837697,-0.001652749500239322,0.059009380460692526
517,0.08708060699533322,0.12269808477821242,0.04143109932433947,0.02928272041052301,0.12248184535541834,0.05305242256898425,0.0757475041519451,0.06033099279032968,0.05795196310086629,0.04627825816444405,0.06526036629251332,-0.014551591892252838,0.03684593414610635,-0.009441640456989846,0.11240313525979434,0.03168076863842406,0.10240670644051875,0.11064580156409237,0.1204073147994174,0.024507944768494938,-0.05984516582983834,-0.026911303596220886,0.04955821799629937,0.012521192844946941,-0.012266750506184271,-0.1092191648283653
518,0.07869524308104914,-0.032230779903548536,-0.015649647802599642,0.0020041573818989815,-0.001690929073527211,0.04461987281835271,0.058821093562789785,0.16385485632906863,-0.05345733823777088,0.061577271188738125,0.03531989975263502,0.03377149700075142,0.05579158805485022,0.02187632997481546,0.15246639895343075,0.03191414311116033,0.08261348259839374,0.1345294746321903,0.06564723078157171,0.09029152474021217,0.022919696469121585,-0.050717281610691035,0.017164672748080145,0.034057072839019854,0.05703219337254837,0.05533567473790516
519,0.040246174591855734,0.10106329984808338,0.09354382585198091,0.02658361774565445,0.08140524347656276,0.048896637064488005,0.06707132517861235,0.03686495827906663,-0.04947476934014813,0.03217348680959905,0.02271197606021108,0.024352926389882512,0.05270582404441169,0.13038243656125054,0.047757043105072505,-0.01613901196293044,0.11472478796327656,-0.020814344130600442,0.06263942204663404,0.03000886963557472,0.042737637348238086,0.06255276295126437,0.044401016237131406,0.033672213603860454,-0.05247056773748796,0.06227404231841127
520,0.03800088628559926,0.013156729949621101,-0.0012287116846784556,0.03198534498379827,0.025863992310883578,-0.014019715032149122,0.11043859864458717,0.05910160759073942,0.08948984311937828,0.0068781588342515425,0.09304132786549735,0.046553648120382284,-0.05495246355458716,0.04342191870310691,1.533425035230929e-05,-0.004259341666463505,0.0037067027870266722,-0.011355700667014542,-0.025913359088497345,0.13060169157945037,0.09415657909055135,0.031239319907732044,0.015900507431884054,0.13266578308007373,0.003615062911068094,-0.044798252717171104
521,0.08189475598370693,0.05048699668290822,0.038169798252533825,0.0984950519973773,0.057565395599610714,-0.04172802542275755,-0.0867741937921454,0.059331289726260575,0.0455677179431249,0.024582402260703073,-0.027330924879642466,0.09844339375127549,0.0249506419429296,-0.035626313429530966,0.05553085815518412,0.033713288425439004,0.08308809352273638,0.04322331597768969,0.009529353992824768,-0.026097739795008935,0.0020947576793034304,0.030194456744023768,0.011948942469674095,0.03034018112400653,0.08062721660771345,0.01168378576203736
522,0.08577583613867272,0.060847639280937026,0.16157030495847483,-0.029602370100362745,0.060021839361823925,-0.035693255059306726,0.0757364998697004,0.037664755110268844,0.08879734081680157,-0.027142188786374716,0.01042614065845678,-0.04818711742458907,0.14930025110017886,-0.018551256259711785,0.11840251683008252,0.0316587926918383,0.0423454679577252,0.05627062760780469,0.004023635357324121,0.09179229927501213,0.040387812551036587,-0.04690402398349386,-0.03881907307645068,0.08267460786739277,-0.011995610397304457,-0.028766418698751368
523,0.07325532892772456,0.12588862087529767,0.1448539433669073,0.019813465274985658,0.01558100141149928,-0.00047686952649998206,-0.04274058770492049,0.06593591880334367,0.031991533479813594,0.06273936650519946,0.10773882537834105,0.12377826343148253,0.06938338074586987,0.011817125550325566,0.03124305297098225,0.05415672566032548,0.014965776218580732,0.06949114701067911,0.13795111556026887,0.09551065799026177,0.034072152215666986,0.0070754251571486515,0.030252680004140626,0.032038109686528704,-0.10863421379314597,0.023048211223524663
524,-0.027022578274885706,-0.024632463236445783,0.11852306877850195,-0.038318328474895746,0.038333472375134715,0.02761029537331024,0.0583328047385116,0.06728732821755139,0.03586340913178312,0.034889456224612314,0.10635500321925238,-0.05697332596337288,0.046105562845982294,0.05620684814493251,0.056059075051567354,0.11752226257306042,-0.028418216249996946,0.04850151166293548,0.1239863507474625,0.05900305864847797,0.07008592500978926,-0.01183350174308582,0.14470545053144604,-0.061278856256390825,0.07194952957274604,0.02964301126580186
525,0.012537770773735671,0.10927396338749516,0.0814490771728628,0.010557129935849396,-0.019307980482780224,0.05208567399949401,0.0754815896199661,-0.05468711871507955,0.02924220977764317,-0.01572316117316158,0.10824537604309613,0.0267411535846744,-0.011041222766803915,0.10817197284120222,0.07149647259236307,0.10140829706544868,0.053092896023998894,0.09881797235832691,0.07693511223873417,0.05262608599853604,0.11180558745614837,0.030894616336140823,0.0824836140884266,0.06687166818735919,0.05359346595698096,-0.0022720792191742167
526,0.08763353709642219,0.10201722679733279,0.05424766811875431,0.04412932795668103,-0.038643150305911866,0.011034824947319593,0.22072449519118573,0.0637024016523376,-0.04359948307684621,-0.03959238647060729,-0.0008356233409756815,-0.042169417334325866,0.08763993849329133,0.11507248429715068,0.04099711387511947,0.08060207516787822,0.04936253484923525,0.0159392152061751,0.03528091745167994,-0.035230094370353536,0.04379410350192673,-0.006428354737321802,0.0408493744726417,0.10259555594195184,-0.028659063724543632,0.13419769213974866
527,0.11288102075491117,0.18044522624466644,0.059324444015315926,-0.0550731564903828,0.07837972937912241,0.06393842206704536,0.07354835004371607,0.03286804925832909,0.01460241565667253,0.023349697223666997,0.03475923727010407,0.06802139774378897,0.017686758235789097,-0.00013021514108672513,0.10764746391819706,0.07378736981088112,0.07998301818306808,0.04484131447187697,0.06861016213214392,0.0999935054057876,0.040610985899431386,0.04258414968536284,-0.027325496072672317,0.04042210898200614,-0.04445139385056884,-0.014595247946872336
528,0.10459247004195212,0.03793589368909241,0.06128831530162425,-0.013312036381485889,-0.07299119632226991,0.022993530349012692,0.08893053256375076,0.10275288143038862,0.02080335433671317,0.0665313802113745,-0.0024047747542449796,0.05285695311369674,0.05123504843379676,-0.004822491608409474,0.08336480469210746,-0.022506909619144883,0.03072891353481564,0.06374879089346076,0.04745502423305219,-0.03731646932438729,0.05186928466783577,-0.0025478466800327726,0.014911179589618517,0.03293155226479205,-0.0002082586106141684,-0.029371247097646973
529,0.0611065461901486,0.05243546639998196,-0.013335770818560449,-0.049235510525971214,-0.059509361571898345,-0.043244621835300534,0.13507434411064914,0.09450194339710531,0.013515282581865592,0.018270131459550476,0.050228185454592324,-0.049941846737968275,0.08765869401215327,-0.0034652425472898964,0.0641184574949571,0.07941426789938862,0.0004787834441044767,0.066228057722923,0.02317557710058084,0.030750443680422252,0.04669717455964519,0.08661936453282215,-0.020896168110793163,0.05328563787540134,-0.027512362277037645,-0.030088847194567097
530,0.012634997606816394,0.1342253302192672,0.08581858270308279,-0.05298624530389371,-0.0429639022763195,0.011814950727486765,-0.018645080819852018,0.016615016242959114,-0.044526888659684016,0.0699320788943888,0.06811972820914469,0.004581163658402332,0.04540043351658581,0.03600701414862054,0.001605368338175225,-0.009074636901767167,0.028023629262807624,0.1035420284665612,0.05778179439240503,0.15131547744887927,0.045469212765012014,0.12487365226045583,0.029958437150246355,0.0384988893505091,0.1366944127867468,0.14669477929857447
531,0.06238352423842577,0.06030249207856614,0.09501176495331874,0.057107667022027665,-0.003813474110590668,0.00558454964285902,0.032184367541389834,0.15992894637817584,0.13558334550698856,-0.04570310094606574,0.032459106860736775,0.06205455231029616,0.041924013033301843,-0.0035835166621822623,0.12901605647818734,0.10674850819596228,0.020646472376260383,0.012442220113806912,0.10311149952710678,-0.06108412747760341,0.06906364616536483,0.07988521365617125,0.0013488654696493336,0.11175107861968094,0.09304735489875064,0.050199011029609386
532,0.028302041530773238,0.15464698515844816,0.04107056423317597,0.04093904401530801,-0.002083070001613785,0.00603602926576389,-0.04385734386448403,0.072362754708808,0.08144887358249132,0.06095811616377309,0.012879008655318528,-0.08445093485320947,0.06243578363109884,-0.031224270671236603,0.09874765215793431,0.20663350422459356,-0.022067219953475475,0.018234527465832984,-0.0308500136148561,0.01579660930007093,0.11195645460258254,-0.04549393819668224,0.046224472896421065,0.04227943426015757,0.023026259768866335,0.001876466997832468
533,0.09825010822192658,0.10235062185769406,0.08043165805203757,0.12192938835170801,-0.04716782141140744,0.08056522992940453,0.061278268256496814,0.016052177360694902,0.07165913648856752,0.07342155818410466,0.03127142421346465,0.042018536877153845,0.04312853120985597,-0.015054913634617289,-0.007463819616202516,0.11470955606922939,0.05263248096802523,-0.03902222668871458,0.099302375187944,0.11196436897017546,0.07051530635719044,-0.016858438357282735,-0.047908050794538595,0.12615571238151446,-0.049460619419166164,0.04871203966816182
534,0.12713569060196026,0.18291506476377967,0.09942105357239583,0.1272801087542382,0.0072400163041930945,-0.08546297697910223,-0.028026159858087485,0.06321021830553775,0.06949343492882261,0.09096535211331791,0.06357270241069964,0.13736951113495924,0.08366809773295336,-0.017948738840574536,0.04143943239843658,0.08297545646409894,0.026005962145318678,0.07053737174519821,-0.04678136520911447,0.0683633309142132,0.052067341234083776,0.06972386232676535,0.049040070431013646,0.033238493047226925,0.0472920411871666,0.022597365583240398
535,0.007754196678419756,0.058244336900725134,0.08080476122943892,-0.0031737871334443315,0.05487241649488772,0.0713247893393932,0.05523758079585561,0.002991075428153226,0.014783448062065774,0.06094863567649378,0.09477969520250089,0.004638674529863348,0.016796997793197432,0.0288390275501623,0.12067528597945776,0.03237065710713607,-0.005922886754637276,0.0980417592358636,0.10644223414200575,0.018437631419865468,0.1092978233521491,0.08442627229100051,0.01009565546645741,-0.013414438237531875,-0.05845774076488961,-0.049641407350918265
536,0.02474278002870397,0.12192363172884042,0.07299240790222727,0.08837140479744449,0.07511140792430816,0.0616690967135193,0.056506310481849766,0.06267281691681399,0.050911812928249846,0.04373257877074427,0.0866427223251031,0.04233701108882406,0.11570880764044782,0.025551024621876934,-0.05310609054135551,0.08869479516414752,0.04114044286839158,0.054892768642420174,0.07696766781185792,0.10233688096245996,0.06059412034951239,0.022581060870073923,-0.07201623689586063,0.03360938744709605,0.01237537794127036,-0.049385745599460774
537,0.03796472447797935,0.10017423055730675,0.10533064342026004,-0.0030308234603789357,-0.004727387676051667,0.0939130179529863,0.10899290163099018,0.03502255956408725,-0.037090882240784405,-0.012709251587484613,-0.015533567120783836,-0.023606861401677892,-0.029536292378297063,0.003805402952285449,0.06126443944233571,0.06058775548494507,0.06592986456386096,0.052623321576488136,-0.04427836198812455,0.162652927051503,-0.009166893037560556,0.0548006435687835,0.00584642689401597,0.05364438631329569,0.011268558492811553,0.06832279448885807
538,0.04313548215171927,0.07166847412724837,-0.03810366194110665,0.046088390983213344,-0.03089288389941523,0.0644751079784784,-0.06075833691478477,-0.01986388298689945,0.002616213175955802,0.048884048672767154,0.029290929162339347,-0.01884459789282411,0.0257981279525659,-0.002670985840964553,0.03130661940982112,0.0507690610036048,0.02965784010980488,0.05330752302949351,-0.044509745158771374,0.044350650034340466,0.06948669050391275,0.04888283613285308,-0.07457582609587715,0.0024281048319047356,-0.048832975379968536,0.035634722950452835
539,0.039008056937373636,-0.019212597695926203,0.09439531039338134,0.04212029835105001,-0.01726941241067566,0.03792909916347299,0.0637307611643262,0.11965491105138844,0.026020555311503935,0.08445818187677538,-0.03524045973922115,0.08689502881101112,0.06923013642723165,0.05185157282124403,0.02055540437200058,0.06371229293463838,0.018759051380190662,-0.03288328574757049,0.044635780754948416,0.03394545370393024,0.012278895629308359,0.006469114134482738,-0.024603603504389688,0.05765758767096333,-0.006645710462233187,0.022220958355342286
540,0.038862282951361994,0.07227977805668216,0.15028191679153452,0.019832507624212646,0.07390513477098122,0.10855431856765667,0.06232575447554397,-0.01756507934767456,-0.007824157957550426,0.08603061943428568,0.0692338568955292,0.07724374314160094,-0.027341027456658323,0.002658037737065781,0.011893713941731165,0.0783456971631179,0.06585463436003201,0.07269005896313634,0.12829583425535535,0.05696094870250179,0.018427836967425115,-0.010920058538377317,0.023481402892973145,0.09925528193487364,-0.020512500587899513,0.1318236574789694
541,0.012353471247222672,0.09383955625974537,0.035710235086363215,0.10641514691592008,-0.04504665028143913,0.011987141492182996,0.02953700336322801,0.04905382169700345,0.10922779650828174,0.04485360446914377,0.015532621379527767,-0.06138087537311739,0.10929081366274522,0.004019712691691343,-0.05983229853530627,0.09367037921928574,0.07685684659589388,0.15985600407939393,0.019890347739147645,0.05928071354683565,0.05650128316101131,0.0074143203814721614,-0.010864679328880227,0.029195670259579254,-0.06876934926606038,0.07008344199187476
542,0.04158857590130175,0.006817487182426659,0.032637967514140685,0.06257750920364434,0.046659195555480815,0.09905512971437846,0.05835822000011535,0.113510345872735,0.03231732453721847,0.08887065566607398,0.022634553513202576,-0.0009676326172677885,0.038923571685425463,0.024794057349753908,-0.027156213146378023,0.07855571644912095,0.06647700935825945,0.12290419399895632,0.0032731615935876666,0.12328307616739302,0.047106559827197116,-0.0024795341259004253,0.14381338980795302,-0.03569290279861396,0.006746618851126873,0.036217397115978434
543,0.15797700493337266,0.12415195657905163,0.12280401731142088,0.03507385394385443,-0.0137936430501198,-0.06967650798534879,0.018507322683797157,0.03362881628192569,0.052735473646151575,0.034144602125736376,-0.10575524015670684,0.019183534205924595,0.03022554938710738,0.08118687437537296,0.09204311382932111,0.04991985008894134,-0.038541756675146886,0.09415089482179279,0.07551812205445696,0.11993826867327896,0.06933484787487942,-0.0005516103701491692,-0.034458107601075406,0.14593794361216525,0.06707713819331451,0.030499840810154333
544,0.02841261300480743,0.03835851484828606,0.0559843454710476,0.1374495951661566,-0.021498517781270026,-0.08399073806448804,-0.045067236882337935,0.05726480710133931,0.06592854934146215,-0.03171481702863882,0.040930760249324426,-0.041350157166323176,0.07118028250915846,0.03169439322436368,0.09179588139528878,0.09343057061923594,0.04469430742088337,0.06777579066977925,0.059803357675883684,0.022331129228832604,0.015509175759039134,0.05289871009450379,0.043844654381398195,0.008301958036195952,0.036408871190359036,-0.05266011562448584
545,-0.024284625945395138,0.0619778666771151,0.09930779096572312,-0.01721105513204098,0.03320879778104818,0.05007533704243492,0.10830696127422186,-0.0435806036911654,0.01583099716594912,-0.008183941577569558,0.05657894576504234,0.043205490415396265,0.03164777538808474,0.08844888096677235,0.042911530631743154,0.2055204181417313,-0.005163819847807227,0.017953943010408,0.03097743978003331,0.08676194381704942,0.09639648030582065,0.0163042051313409,0.03074048433703906,0.014001123073211164,-0.013289377685508494,0.006746276231479442
546,0.047051455726986546,-0.03430743064492836,0.14932011776665463,0.09346337579431026,0.08305377935988871,-0.015547653162718111,0.006530800873822351,0.17378595026559787,-0.06342299145348372,0.02077644784985644,0.008777413718563498,0.06857565788085808,0.07969459281205178,0.0295121299087364,0.022423171819565213,0.06576430765411552,0.022035586518734517,0.010317563614340608,0.04104199501858091,0.08026210095868651,0.07614880505280262,-0.025792940619889144,0.019388211226814295,0.012091427496638016,-0.060259593943786015,0.04119850613296402
547,0.10831611992866323,0.08329197996427473,0.0517938517430126,-0.05018999909969465,0.12594479916315024,0.06746534630060091,0.021153498811859222,0.060688568521966135,0.03165631975964983,0.016451248957079518,-0.06335771134814161,0.030367224135707027,-0.045217126624848336,0.03243470809221283,0.03687632677254191,-0.05378443928097756,-0.025363780425447513,0.03403247791727093,0.07573775358873629,0.07793438010095959,0.09693572363785075,-0.03841506169217309,0.039569519547047904,-0.026732238281827338,-0.0009650539568202459,-0.047867764027630565
548,0.039839323358962966,0.006458706575838432,0.036146924244112255,0.10470618864870618,0.06580584028927783,0.12482764595203467,-0.05309909572626279,0.04743666078823072,0.05402987328568781,0.06610387541274891,-0.08096314034024965,-0.04471739020938811,0.022277489432493046,0.00628476070781588,0.05308385397460234,0.08362920102181148,0.008372561696253037,0.050074897813698505,0.03224636900967254,0.006646474865486715,0.11908200324818176,0.029844299032621462,0.03603686879857911,0.08267962810358277,0.03854564409858541,-0.07030298815439517
549,0.021541943453729916,0.12079926762825628,0.11963457470175948,0.05831208644920862,0.04937535679331573,0.023205431187138824,0.04539485193611851,0.020095391219203156,0.05110852160424073,0.018758414312071942,0.07531104095645237,0.034675106281101875,0.09351011487665813,0.003581151968418758,0.07376823356336178,0.0043538200343473665,0.12210879688102395,0.05643414710598079,0.029686221615724893,0.14057198648232758,-0.009963445000865748,0.050348592095101265,0.011702243921245692,-0.025617549639514587,0.07938129445116393,0.04083265430805908
550,0.03541013485880612,0.0492604609438115,0.0875031642919174,0.04375409372977709,0.02799431360657491,-0.042965827199912855,-0.014693402244629635,0.016799559875134318,0.07602258175599413,0.0626912327216227,0.120767734363367,-0.01895513477054796,-0.018077680693012205,0.00672471117688378,0.061075671197730254,0.10634153255003269,0.006568079580849614,0.13614333597656036,0.06482068892365367,0.24359632058113836,0.040301462912634346,0.0360597234433702,0.06628388537225323,-0.11211764858779626,0.03581031820509482,0.035142902433796516
551,0.05571958049702201,-0.04851198495853074,-0.06577131148912536,-0.017727813997371517,0.002683340454112319,-0.05656243076196371,0.02279042673466806,-0.02100416044491471,0.01736732930222066,0.049800566342395124,0.08671183195012566,-0.032146448180673436,0.09084561513162744,-0.003410603359481383,0.09803734035981648,-0.013208098297719703,0.12256508934716549,0.0025750088668064497,-0.022431988373275313,0.036195601518417386,0.08030608695590281,-0.04540782194254942,0.04429605329795718,0.13208350004302646,-0.0007745517653267768,0.0778244847184889
552,0.07288937354670773,0.07379678291905349,0.062244177435496706,0.1275618333664622,0.11559472419197071,0.005411918812964378,-0.09171046553204659,-0.036872607679722634,0.10359979175769381,0.1697415710625054,-0.07373420145083015,-0.021522301803271655,0.049293521282117024,-0.007600444063736481,0.18006312582167658,1.3576084458825465e-05,0.05446233627127809,0.07654711313133762,0.05325499279266891,0.10615371573972143,0.03432369296487966,-0.07355812107149111,0.07277993341159822,-0.09506753639994751,-0.030402581276979534,0.049727499123328744
553,0.1289289175978654,-0.028265484351104764,0.03051896905965277,0.057184805830843566,0.10534988436526067,-0.038132143440323764,0.05972733159130165,0.09886867413610197,0.07792308538653629,0.03625371573019901,-0.0165593761539784,0.10549286592573266,0.09091977721688477,0.10880874008715674,0.03910267455393061,-0.006525913397410173,-0.024793156345590466,0.09986530283864463,0.049720712604293005,0.14473895866258785,0.1562332447530125,0.0369840319342574,0.09965791668210561,0.059962414451176206,0.01977206418049297,0.09953511673283315
554,0.008942195936863573,-0.008549591322814595,-0.033846454132214265,0.09416280523080252,0.061598655256887534,-0.05207398119218357,0.043787947690639484,-0.005641070986617888,0.017410104819604606,0.04962245865013909,0.049018975546294606,-0.015305890824082107,0.005245581758993145,-0.04570396363613762,0.06348446908096854,-0.09563839755872598,0.00933091637878177,-0.0006449368221811604,0.13315385497358614,0.15254222225226213,-0.040307937459117836,0.06271756000132649,0.01237317385628998,-0.02063568853038748,-0.01921023290270422,0.11865687120251621
555,0.05530095338774308,0.020072727922071577,-0.025440829474952725,0.00638252777217028,0.07725944831742093,-0.011107724358867144,0.15788839218165931,0.05846267172206977,-0.03661459057626132,0.06870890741459705,0.017940008188179996,-0.05386701705388458,0.04853260655067798,0.014893228504830417,-0.04380843110781929,0.10577517433762629,0.08534116031489884,0.08677585038306011,0.04178995763245987,0.010456801450248002,0.07264601977897327,0.036785184749332754,0.03134570998340449,0.07037209905021924,0.0964553649638516,0.04081062536284855
556,-0.007698132563215165,0.15090513077383055,0.07341569574512778,0.0013400556844248939,-0.026456505971454065,0.09181300028202193,0.03328654704862951,0.010195314547379005,0.05788705432126765,0.13541120753726893,0.036446078124620786,0.056833370152613326,0.04790851858576165,-0.10687490033324827,0.08076931217010748,0.09924834770063957,0.027394435246477056,-0.051938618147659286,0.0006046858070610228,0.04180673997039134,0.07828763678770934,-0.1119219859741402,0.04087898584215718,0.00659789348406431,0.016266601297118915,0.05264950759530557
557,0.004996023463026763,0.11250465381423796,-0.026759403102992758,-0.03381935875187562,0.0687539108733075,0.007378255449825159,-0.0010299676105940032,0.03172479372577821,-0.028275118418879863,0.16028220894703948,0.024321791244442892,0.018165556639841908,0.07092902153617342,0.06757164666905037,0.11187093913587735,0.15218792287413752,0.028106315632581667,0.06393618224269003,0.016066431524399682,0.0716939022146444,0.030921292756908803,0.04830998952856843,0.06620498226580977,0.109397194758374,0.09502825326684626,-0.013402931497501307
558,-0.011217740599170228,0.03123146174411386,0.17363930151845305,0.0009135122155486397,0.033681280677138305,0.12427816174740573,0.04237338824114667,0.029768957907117737,-0.017322933480780085,0.036906553529474716,0.087147105024363,0.006087606873920404,0.08007660009924815,0.008311565565961021,-0.004834644733666998,0.07924974364114064,0.0173537921276104,0.07775617574017542,0.02434598991327493,0.04659833491187754,0.12032958216032658,0.037859884689600685,0.0837069295122062,0.047968828994574796,-0.04920977032358422,-0.01709400264007236
559,0.1890701851649659,0.05912405000997031,-0.11870195898828222,-0.018409266374439886,-0.01985773087016916,0.00328842901103484,0.04282725034102963,0.09559035139467144,0.04113386249867238,0.09522373241088485,0.01996343913009413,0.06350832445649364,0.09167487258020117,-0.05156675130443095,-0.05245955092354356,0.1108268820047511,0.013071430709032716,0.14009327371809346,-0.09584462541667489,0.12828433764961736,0.1273833079911113,-0.004043324378746789,0.07828005306930709,-0.017464340826039298,0.08386467243023428,0.014401535073757299
560,0.12554864938492521,-0.04363604742671925,0.01666602113415938,-0.004684196154203698,0.10652620134852069,0.00212973287684289,0.05597842281112397,0.038386165525287265,-0.0015987171686053982,0.0751328655714597,0.041045469121730425,0.0073504399996983105,0.10953902743769534,-0.027666433956039183,0.070579215705748,0.14505706487383566,0.021187558170881506,-0.09970377308297722,0.06333741820342507,0.06658614245105558,0.08807531553046027,0.06357932988809267,0.10221446397301337,0.007691461266783106,0.02199627501369289,0.07582977667946623
561,0.05391332488256343,0.02462801146167413,0.06420189551802229,0.06942180276511829,-0.03613128279330293,0.006149245341909175,0.05356183829263326,0.01862135989857507,0.03452940735504203,-0.03910592225558274,0.07796694376629217,-0.010987004668216374,0.07621949834786233,0.08250985183164065,0.14275476156153447,0.06700159622015761,0.10675323465510851,0.072085712709041,0.031794843828936305,0.07112243498194497,0.0269670523797416,0.00298359839770194,-0.07925202353279968,-0.0160856960311845,-0.06787189889964701,-0.08433194712683532
562,0.13811942776791308,0.044825558298811,-0.04152995987612038,-0.03452630933188855,0.007595382487870395,0.12040812560738129,0.02702893923251874,0.035393162120523534,-0.10211290066431951,-0.02989356961696408,0.0116902227700069,0.02195601586809226,0.07246329565580521,0.06288360090866951,0.020715606792284846,0.08436765302005889,0.022562611760248968,0.1232445600156926,0.12380792183241891,0.13418770110124995,0.021947333609941683,0.10850556072288169,0.05632921426059736,0.081715458149224,-0.05966812769878556,0.044501131092340995
563,0.025137418523326016,0.05366620466644271,0.012235951994163607,0.0364711511064991,0.053027152021187685,0.028991971087457286,0.10926220962531537,0.1072398200198607,-0.08561229760516476,0.055375289448387134,-0.009294341688921607,-0.06050338684517063,0.07720358924104027,-0.02816534776322301,0.0154316437720358,0.04354091077244804,0.1195978562697832,0.0584556481607577,0.038758066614158856,0.14913512867567694,0.031823023683120955,-0.10705743180761935,-0.034919266208108556,-0.0033575281931554533,0.04781632472262728,0.020595483943057918
564,0.07609088764085853,0.08299597108124385,-0.049704912635998445,0.10915948122358064,-0.03818500239860734,-0.02991158499102029,-0.06082653993438133,-0.015069165546529262,-0.007171675842960098,0.10439834605088531,-0.04706674050969095,0.04536937029070631,0.06317627284095774,0.020001828898366696,0.13823157555506216,0.12072497562481095,0.017393045775138505,0.11436675692897458,-0.0004126519460744271,0.05316481079448272,0.017025738076816177,0.1462169200725925,0.07325444384897785,-0.03286475169359263,0.0067921749022161375,0.031850981823301816
565,0.0323181035930456,0.09699442032294268,-0.07847223633116118,0.10061806743581926,0.034474755641565304,0.02122141250397532,0.09494981337177928,0.1794504607942766,0.11823487414460271,-0.0018957643548439171,-0.028820242630876586,0.03427993319515336,-0.02299710750901507,0.07689714107114413,0.12590037884792396,0.11124746167294641,-0.040453123838462855,0.02068426438514459,0.05891521847698807,0.09026930127644482,0.01555351389607133,0.02369587518819947,0.07651573083033536,0.10002398837229766,0.10864100332681685,-0.016118646568033284
566,0.04714641815288765,0.09089492957858834,-0.04200626887630602,-0.06902495153225136,0.04265561324983367,-0.004982411747456228,0.057328872421195685,-0.05920801987025045,0.0565871946162508,0.03289155050892384,0.0852083420922752,0.003442729621471944,0.0024690166252216796,0.01084317031434347,-0.028132854807716212,0.15103247762427982,0.04569692704929943,-0.014479501482577909,0.020114211195801274,0.17605199658230145,0.09467116116666231,0.12078634842710412,-0.017910325194213723,0.08436142116692186,0.012080475378267452,0.024026898648192963
567,0.07341019110427739,0.04252541332928084,0.06705527463444777,0.08085371226801763,0.034644640056737154,-0.006450701023054376,-0.07996345027933664,-0.021532619645688218,-0.011040154802673488,0.1361697518807595,0.09071079346995208,0.009029379815661783,0.09315881703833835,0.03632569713414004,0.13456225486129225,0.061214407856857424,0.07823843638921231,0.09218375564360291,0.08457948325548885,0.0056484902952227784,0.028554823918781964,-0.04718307454630714,0.04405598073568454,0.05219638843453774,0.026705165060812053,0.0892517997976473
568,0.09172716927812313,-0.04846033206190018,0.026249501077043602,0.03953954202197411,-0.03245691650526119,0.02445584707267867,-0.10304177858958395,0.015514687100912417,-0.022125852931115464,0.0017329853483009083,0.014882994499412588,0.011445498642348636,0.07293086245365683,0.05872657156614595,0.007116047888265179,0.05850418687653214,0.07034601234721112,0.028541636160927975,0.09887803001669741,0.09505983158639385,0.08940122923639167,0.005688953485068242,0.037870052080204795,0.1390378723144335,-0.07323284914057,0.00971068899226509
569,0.06305413926438065,0.15546015430411922,0.06807724917469028,0.011062520568773548,0.04151630234995283,0.0043029058040601935,0.04134732722610107,0.10052984949772227,0.1295127306551891,0.02235121913652869,-0.017917259883913517,0.02873523684875225,0.1096356442311323,-0.0699440510209517,0.11034390099693925,0.0907235700957305,-0.10287812295317196,0.037795826960861624,0.1079404870888792,0.013649460727652513,0.053593072718079914,-0.06483173105298062,0.06901550395044519,0.08205011917719568,-0.010650936780006393,-0.007854047366106695
570,-0.021575614984449005,0.07644942889144789,0.12056000128263279,0.10195758393648065,-0.0038826813769580193,0.024708916331904786,-0.01028356053312555,0.03584720916560319,-0.022769949120099886,-0.10381721240378648,0.058695465669047084,0.07352234127643265,0.06439942976817307,0.06843614576615371,0.15741683710163135,-0.044466545828660754,0.07241242826204729,0.1432940100011105,0.0387103282214187,0.08913327665397086,-0.023218340909256768,0.13507654107600786,0.010528959636857701,0.09206124594877528,0.03911702213149678,-0.0158717463650551
571,0.09216402689777947,0.035544565793879414,-0.06921908360003,0.016877836037068977,0.141828268021635,0.06704016778955224,0.08065648102895655,-0.01570272960577242,0.032542145812543444,-0.02225055864401306,0.09547707971582832,-0.049425423808936074,-0.013355442002849069,0.12152627845984232,-0.08345870973581349,0.05949076622409736,-0.024792853946020082,0.06291232378216836,0.06048489584922773,0.09409852916035893,0.11732075098100975,0.12027552225811472,0.16916595481770033,-0.07918501091818654,0.0007728010031815371,-0.036960400459973876
572,0.01947970302021529,-0.0571771020971568,-0.020675959798517735,0.0441001741790095,-0.03866133667058924,0.023088807732751255,0.12173966113764646,0.029756612955757544,0.05200458513564362,-0.015031460713707904,0.1051581426032867,-0.08965530286057145,0.08565766509487542,0.051475281301220345,0.07721586204126059,0.12768134830427016,-0.004876866516677625,0.09201311499320364,0.106944430079769,0.06337539503034186,0.10340337584723637,0.06726670053797211,0.04057028001564206,0.18439493765939707,0.09009144335075447,0.12516042065239197
573,0.07400155385319983,0.03741862671341043,0.05921339644777601,-0.008420042126847585,0.07633527764394038,-0.007466471560247305,0.08879500664614194,0.06868646334428034,-0.011951248411755506,0.0668221064284187,0.14681032716078407,-0.03745695073448235,0.03916639704585623,-0.0009253026568931677,0.0570576729693133,0.0750291774208483,0.04865461643674431,0.0698290556740536,0.11768064010566204,0.010183805319067096,0.012334307549889845,0.0303306665325976,-0.009052123863482734,0.06555219512391654,0.05332935228104407,0.06076298171650418
574,0.023183094391516574,0.030819482122313745,0.12240258300738416,0.07525304940526834,0.03425915677760275,0.013782725625027192,0.03243403874805719,0.06362425563924827,0.12192506358649624,0.07236727248606424,0.1307706021995136,-0.08924952846125217,0.08950665671890501,-0.01841259002279923,-0.04149895495046776,0.030343208189744487,0.12248770646876415,0.008683576875228785,0.005582281425323725,0.05880552693560424,0.09096861762719828,0.04582557445651605,0.0056378708435484235,-0.13508396822135413,-0.0058683782422589235,0.08716934889351141
575,-0.06947217835535906,0.08520213253832075,0.11369085987513283,0.021967591508679534,0.01980309427704439,-0.04184867396290459,-0.08865308056156095,0.012745031900538217,-0.03287802264305754,0.02001261319281685,0.032744930565816475,0.010778434931330922,0.006660396619354228,0.07724570914152691,-0.06496601994704755,0.030125168032843486,0.012254626153266482,0.09596376669757135,0.06301467005674184,0.053807337328240556,0.040397760200241974,0.09353113105804835,0.10891048344663697,0.016496674635259723,0.015856472712793463,0.1311709226859298
576,0.09725849996550402,0.11329246388043131,0.1010853293979909,0.05280792717364553,0.11984569411092638,-0.008328522758586995,-0.04284436858212115,0.18120094773341625,0.06277399521201109,0.11717864873027062,0.002428162580260425,0.026641556298524494,0.06710570549288791,0.03568869117005106,0.018507694085050392,-0.013493932501323322,0.03667545846461051,-0.007023134628156846,0.07718991693484979,0.16337932415096693,0.06302292855852493,0.09667219668615416,-0.009208032745467238,0.04347148249249375,0.015101780013603516,-0.09268237557538302
577,0.0027908310194568187,0.031716154427691115,0.04694034913784447,0.039563860005729166,0.14273701003229242,0.11718289826131867,0.06740792618156555,0.04298155986808707,-0.06125438844548877,0.10247499714237367,0.11203663514363787,0.06134938893085882,0.016328539089214167,0.06172947525085507,-0.020525463280258466,0.03449352917894268,0.06930821662512306,0.07066330039578582,0.0650900787203592,0.10125428713038008,0.09848527697618831,-0.047998643873285805,0.02544686038209637,0.011615679291936002,-0.058982124593758366,0.097938320567643
578,0.050670825702281354,0.04355884879091402,0.017469636605110528,0.058800947714296836,0.06184108995718468,0.1122446029403512,0.056966859821815395,0.07166371849360587,0.042887780875114745,0.06483798742191453,0.06646640838713708,0.027373598848551912,0.08417645134941669,0.05001827006883699,-0.05624150717926694,0.02800522550208684,0.10843610741928013,0.06889570755293113,0.01582230364589974,0.05749685910828013,0.029338909290975122,-0.011462711219495417,-0.007105746105227703,0.1386941547608221,0.0037529170490802803,0.08987757329285413
579,0.10107035790803888,0.10596201266383094,-0.02460160465009938,0.022383011647501543,0.05538997421950428,-0.07603292735030907,0.061072516089594964,0.011710975862914511,0.031497498592239825,0.025726206920976345,-0.06000568242785087,0.0217011240371822,0.0763510205473269,-0.064421963894418,-0.10520952361504053,-0.02703023190161206,-0.02907642590121597,0.010534458804158134,0.10817016437542282,-0.044812384106587465,0.11034241454172992,0.08918347816224396,0.02744879093581289,0.028415699590543502,0.08356922463020244,-0.054099848699525076
580,0.06295132550659464,0.0642689081815762,0.019401621282183885,0.08835923886594581,-0.01158934430682973,-0.0258926774723075,0.1734494192098984,0.11121129092911135,0.06400502917395633,0.06188053050372777,-0.03783155380531985,-0.05700910543424309,0.03609034654876644,0.008458197814270615,0.09732174417403616,-0.03223823105452667,0.010872574676619784,-0.040286254240720965,-0.014735787718593574,0.010242025709881733,0.06097425030572399,0.018237740520176775,0.02702622053301823,0.10717911269038778,-0.08658620897048792,0.06187791790427357
581,0.1630744570670127,0.03219105630942635,0.04472740333067038,0.10769229250243971,-0.002848726516714769,-0.0836011888889004,0.009902487995499901,0.05519603089392581,0.04829071239225894,0.07047249505528981,0.05464792016930845,0.03843174799998472,0.04015186538055374,0.0546737266735148,0.03812934549046245,0.04893092879882908,0.0990650245616375,0.09728852565921914,-0.06054069424690008,-0.0030736542304848533,-0.029176732761631758,0.04923573575628868,-0.007880637772180362,0.06936742960451152,0.05481053890374107,0.03273586206222229
582,0.0638274779502484,0.10438951883866042,0.030548048462662736,0.022854315419798082,0.06105111283610006,0.05498349240146969,-0.0017069766623490725,0.04357295477175738,-0.06834882183294862,-0.0956132056030714,0.0454496827572581,-0.011749963971518729,-0.015790689655433104,-0.01778722546667703,0.14863282903993566,0.10558679333984827,0.06739947898441045,0.10468828190395922,-0.011159050760900494,0.017589862536528132,0.018069564804462514,0.07278194217355742,0.011420099415379026,0.03821830382077531,0.07278078528612118,-0.00699296875585248
583,0.05003686797188469,0.09285492470506825,-0.10449716390629386,0.016641435274036016,-0.0030390029686020448,0.039231438170056344,0.01701372568062,-0.027894235004778705,0.06740447895891662,0.12545688923125808,0.09683704782009543,-0.0529361747592633,0.03361179488603152,0.07758199817771133,-0.019249958964208114,0.08320507469571821,0.00651401877550036,0.031108765441781833,-0.03427355489003253,0.05373263564563672,0.1345924598257551,-0.048019428564431865,-0.05087884848153823,0.02098817352815574,0.004251696069134003,-0.0205837674231976
584,0.04224205720878926,0.037221188387519,0.047115405373760445,-0.02438028388109999,0.0740662626570155,0.13171965103852668,-0.08414448974277754,0.014794759847776931,0.07920148664838567,0.04332314104217536,0.10110526544061309,0.07194451163073011,0.031774995626959436,0.06621560113059204,0.07661380850729015,0.056076876519623044,0.043231406760263234,0.05411113635517911,0.11867278391142001,-0.021746468115235562,0.10651340372748723,0.036674596319769694,0.02005627758810106,0.07958402399366009,-0.027631723247234306,0.04210296965095067
585,-0.029166397329996895,0.022914887010039613,0.08494654362003622,0.05680911194812551,0.07450238959615428,0.0572265893650216,0.21880379157022292,0.028569988525648314,0.016537545596350046,-0.03637519742092904,0.08725560062437471,0.02294555204161952,0.01388421251579051,0.13890674315844273,0.08523128387651474,0.10421408289409988,0.07674643194044735,0.020124414971501598,0.0293392401935836,0.06922548264873025,-0.06789335012973595,0.021553932049600304,0.026970008980471215,0.05878994373749946,0.002116255063239777,0.029771831496582784
586,0.08032234919266679,-0.008139201000170404,0.05880651970908224,-0.09920535385953279,-0.02613376840042438,-0.0061701387379622195,0.1224491035689309,-0.06522157476629735,0.01256906135617721,0.08177742155909158,0.052348782727208,0.06367297944333829,-0.05171773903159571,0.07280305962020521,0.06504915258058519,0.08227235141536145,0.0003721964939642127,0.09141106449323515,0.14316835334885564,-0.007832741239611899,0.0722077414954138,0.09263812862183074,-0.10245372071281335,-0.09219932411547072,-0.007193989217216071,0.01716696787908767
587,0.04499115980091195,0.09571011401234288,0.08743752792200445,0.0629374360178215,-0.16816096639248987,-0.005415684484739743,0.049540286863037075,-0.034817762755514826,0.08881397410524462,0.028797862361220488,-0.022672291024187625,0.03682799254072755,-0.003051635219210073,0.10827631469907546,0.020904339163291895,-0.11601271645372875,-0.02687170974445391,0.06797437880738037,0.014531579957295667,0.15359084246614926,0.09346480025738864,-0.02894845379028904,0.05542377176896984,0.008761270001064192,0.016470168699636873,0.013225497608006656
588,0.07471929644425383,-0.018609662110336822,0.040521430578832084,0.09470076702655915,0.09323852801109848,0.06469796462824907,0.08225301052131695,0.07133400409806172,0.07842231563706509,0.03912018064551178,-0.016602265120084985,0.02811623982267806,0.09261990644225997,-0.04398146499749097,0.030773496166787595,0.13858828632562967,0.06812782511694587,-0.14950260644219718,0.05314769806359715,0.1952008488404335,0.03895477031293526,-0.09321395044450324,-0.04183566393182714,0.0013771994050385539,-0.08975961616133504,0.011505747321906623
589,0.12507416107498484,0.04600951040732369,-0.012052134734371353,-0.005325335318534186,0.061669070314119855,0.09855171562538449,0.12609030014396927,0.05904109263657283,0.07323106645776421,0.028609049611049743,-0.07262865244566345,-0.003929291102621561,0.048692427830216045,-0.025876233116199188,0.07607284666090101,0.04257562892292991,0.04796422736805691,0.09989439735316623,0.11616580611373685,0.10623910140009472,-0.025177132405667806,-0.006262618530320174,0.03686705131811994,-0.0010544847064564529,0.11967588442649861,0.014709278930229311
590,-0.006476017432238967,0.06614138347128541,0.1353658830518369,0.08425987904406497,0.020601692216098238,0.052391329038515476,0.0759988606666706,0.005006801579090503,0.04437105981272645,0.08104049425132785,0.023103929516179973,0.05822126596588162,0.06304238259526927,0.06172341441572352,-0.08129352592333061,0.141816548094687,0.05515769559231343,0.07208122885451944,0.14821346082298312,0.12407161397084226,0.048366688392072456,0.017924583045757763,0.03547347191607816,0.12749211112754635,0.02435924869687293,0.021492256749564714
591,0.016654720651727423,0.09210445281054774,0.06382879232631383,0.10213874635112774,-0.03460940569429849,0.12647148783389553,-0.035259344726045194,0.048535948003296005,-0.04793355337374616,0.050809297716770306,-0.0003120730556016582,0.0391662985191407,0.08884812110817124,0.02640279674948461,0.06317439997420611,9.9138454488501e-05,0.05881766523223171,0.10984432373416957,0.017289583050021224,0.08143025307230467,0.0015089945717940978,0.03417639984189208,-0.003572717957464648,0.01691005465066131,0.04688739479336405,0.0786758634940153
592,-0.007552332676699155,0.07085408593347935,0.03162627804188067,0.03254321156679296,0.06378243613015179,-0.03468804504760433,0.10179804358409106,-0.07964343538033125,-0.12979176412428997,-0.08709217103164335,0.1254968664739713,0.04000063397836601,0.051970252837085375,-0.05092591647071848,0.05846515693243759,0.039986053062892934,0.13500358014525285,0.10196119006788205,0.06327410798662504,0.11202787509605473,0.09169507074044703,-0.04007401121793708,0.02421353282958929,0.055097267582199926,-0.046643886744083964,0.09483002848781613
593,0.04677950019927921,0.11788311646805578,-0.05409052908490414,0.07246782452121413,0.014683428284369618,0.0014845250322913324,0.04257504999093949,-0.025066898196284236,-0.014281651971287224,0.08300276363674013,0.01984939548516481,0.07898025292127016,0.04523414643904041,0.05046173442486549,0.16421958748947268,0.11018716386376927,-0.014691226414924374,0.032941255445193406,0.06708552073197104,0.023513405493409467,0.1368415992118136,0.10402298575200809,-0.00341463218765727,0.03989589153125463,0.006913028385791979,-0.000987854171901855
594,-0.1322260065991736,0.1379312776996979,-0.04118413121557751,0.0974415787236042,0.04560531383266827,0.06800709938578708,0.0839529730643986,0.07487728164471756,0.0143547798874926,0.06954860939101737,0.07746332204396016,0.018723718008663976,-0.005450427113482667,0.06924126005389498,0.14480788577018536,0.09669000714937459,0.08535145434205582,0.07298866313711232,0.09455371579578335,0.05599633800156116,0.1762485409222882,-0.025215084091218604,-0.003486419169942634,0.07998002351737839,0.09439995988072482,-0.01060128700884988
595,0.05783883280656934,0.059735658810965396,0.11266864677594303,0.1394229193861228,-0.01865645997020963,0.06198478643162882,-0.06286025997729085,0.02062805065351503,0.00777869455486635,0.010853124328439193,-0.002349585082293789,-0.14166389365463894,0.07456698329984375,-0.07790645882691144,0.08150648154376465,0.06734169415803885,0.09819375702962256,0.040163755692509205,0.07128433643733505,0.18012769564518655,0.029377155116510678,0.07722884613362975,0.08836718878333948,0.03066403078776917,-0.0038693269597373696,0.0070327277890142965
596,0.03143815171330292,0.1512286617928621,0.043162034296974384,-0.05791072763496857,0.05085304577543368,0.030532463099427663,-0.11578359369625374,-0.04155651960218567,0.061501251566185425,0.05877125013538542,0.035560249049909676,-0.009369895403382808,0.026849682921167073,0.06717256590419869,0.041165857174253216,0.10823474979792695,0.025057549839904065,0.042144717548260935,0.02899526531320612,0.0659357354404897,-0.0135379056532459,-0.010863402693982302,0.020883707667358663,-0.03210568732574479,0.009156998000881175,0.017917198898783758
597,0.04860689286727095,0.06097265089173044,-0.006043226604367716,-0.09616202517838453,0.05240212625603287,-0.00899300676190164,0.07130311638605989,0.048631712212777324,0.04992790184013999,0.025864476358952598,0.07880580836240891,-0.007840820301639498,0.02132038705874817,0.012162088783669608,0.06208149827947564,0.011820290234644334,0.1153931418174526,0.04003394376440247,0.054755577185431115,-0.06553516633054446,0.15081399713071295,0.004652401003726474,0.04562825561470596,0.005205105839089378,-0.05860062557337903,0.08170749732378195
598,0.07050737253553663,0.09326865439764753,0.006969179361836886,0.08599623482102557,0.13349727690479726,0.014816640452162392,0.062104413812052194,0.10794671518318799,0.018570563495315717,0.06276455351500694,-0.004146624701241349,-0.012872263689808686,0.025766591740928862,-0.056660141593209055,0.006326619525514536,0.04722100138557587,0.10102031720842762,0.0679196132910302,0.04749090277762589,0.05995741726649789,0.0844823037981667,0.022365676772591214,0.126381120391687,0.21492356916557712,0.11948700572598288,-0.08809669090134105
599,0.040670547209884535,0.05887845228584774,0.05485369595036682,-0.019565207045211197,0.005285094298581558,-0.01803519803114347,0.14351725135393048,0.038266071504298504,-0.039746873420465866,0.0033185973450548336,0.024295352384419395,0.026906560183330708,0.13319631406587937,-0.06833442248827358,0.117395780172708,0.03042140921256542,0.03578141327481871,0.0386005242080246,0.03274445798887619,0.02056041556442693,0.04802061238225123,0.03927914291944784,-0.01132960831904184,0.12210240094400038,0.014993134451951384,0.02851698011154563
600,0.07243959128075052,0.057403368962984,-0.07999843772942705,-0.004312596094635968,-0.008417847427658165,-0.006945382212081741,0.01528042829859048,0.10029663294796219,-0.029265341935306683,0.05122795035752836,-0.0355535321848748,0.04082437603083311,0.050106579995033505,0.01390374513324677,-0.07191092194627613,0.0929949804432254,-0.01298120367404563,0.03189343594395092,0.07528360663430027,-0.03511631875099519,0.07248604326195722,0.08586033957375978,0.006408634437118513,0.0682158827755243,-0.01105086362870078,0.03183603909604497
601,0.010483162598448467,0.013894193285286405,0.052363235208118954,-0.034126275924318494,0.10133195174720959,-0.07130810659038267,-0.006225290697862337,0.060332945805920024,-0.019255707592501576,0.01539234463726528,0.0371736143890807,0.08175132195838879,0.08678915334477959,0.059430207474072815,0.08044055785145526,0.07820193945771603,0.04094561909104773,0.06802444828640526,-0.04640799605650644,0.08366454535159845,0.09108945024688525,0.0032925566742963985,0.04759167897840877,-0.006604827881402301,-0.013142037518213115,-0.06588130603943192
602,0.012207078126781994,0.028501621929942416,0.04763531922097323,0.03933918998152199,-0.006828699857598652,0.10107179189243655,0.0812213260421657,-0.009626560823014016,0.008391412305385704,0.027186328847355428,0.005740535518197161,0.05903105074862445,0.07212140434827426,0.0029600105889770094,0.022292577895857923,0.1404672512602114,0.028604716514697905,0.023678770485831186,0.11213009869816122,0.023682466231571886,0.11291186297507676,0.020314552358623006,0.03747760899584492,-0.006580217544051785,0.05761775191345414,0.09325131061330923
603,0.006585405012149714,0.12679018423387267,0.012786270834315475,0.05621863271959856,-0.03679847651369417,0.07214926810625388,0.09657291562791039,-0.03569303712139834,0.010368569727471466,0.13665740069326157,0.05574783474547592,0.023646263688098062,0.04598163362182802,0.06815648038991895,0.0603025645973617,0.11775059179799259,0.08019105013505436,0.04944522664519713,0.04484856988324054,0.07644533364164585,0.01639562118925325,0.06745002449563087,-0.0039040453161130286,0.05627642341979907,0.12655368777234785,0.08911389168983402
604,0.08060595378100545,-0.011979973643360528,-0.05696760334238173,0.04451829179629929,-0.01239865555297546,-0.0018013492885613491,0.04000057422992358,0.002950533226812213,-0.036424769371481015,0.05932455481966272,0.03861109518292719,0.05821778241704114,-0.0268262505259295,0.09496931158595978,0.07383294870369557,0.05951735718932392,0.016177896508288936,0.09449604631281538,0.06531586943199925,0.1307765287012123,0.06064136301468659,0.14610287713954406,0.1129894676866362,-0.08101606677897444,0.06683249602223566,0.013300611273346436
605,0.08825069168952564,0.03775853921763783,0.1744469070581258,-0.03581330554127785,0.053660903558921114,-0.0569554560042387,0.06311050730640473,0.124799279693857,0.054976567053302075,0.0011426878648555143,0.015469821676078077,-0.06223245266330405,0.0022445807734215078,0.0263393998021478,0.09233700285566737,0.11211206557410087,0.09264991534693319,0.03272967183234965,0.059675225226847685,-0.02614468138655268,0.13004817940390287,0.026126691167758304,-0.07060304869519875,0.09460144326631026,0.020651586995483084,-0.017756681020328346
606,0.07218945673932241,0.05583420102462979,0.14681296467135677,0.09719864453720063,0.09895823319112511,0.09052459899440686,0.03131764926058789,0.07688272804248852,0.10744901045257127,0.07252986899328356,0.02839060282347613,0.1022127433185847,0.07840930643155168,0.08614248412069385,0.11607252213111537,0.03852800293224373,0.06385062328260564,0.08792027678308285,-0.02891345906461453,0.1268268719037498,0.050213659978484204,-0.008973925904699734,0.03665366639201486,-0.09438911923809822,-0.007536825441478897,0.04933004293951684
607,0.07771115947571011,0.13484632462668344,0.009010380611372085,-0.02422463698088136,0.001912359109756364,0.08569591702760722,-0.07584842788577661,0.05285813951390156,0.03473757850972525,0.0011852929587286751,-0.08152197641979453,0.00480788177516835,0.002462192720427414,0.08090526991448958,-0.05874785583113044,0.07508953332622105,-0.030530444697526804,-0.16690022937505897,0.07220339802418758,0.04072673412859044,0.025552225668192784,0.03349203172122561,0.09613972332256553,0.021192797929195338,-0.035583649110088655,0.04601832365121248
608,0.028341751650027024,0.10162506503467218,0.04396528446662266,-0.014679981871894824,0.16008035802447654,0.01925515627199631,0.11600089299253773,0.009314274596410377,0.10766260342658311,0.06452022055906241,0.030201993547513205,-0.016805302169987973,0.029469218473045733,-0.09887079039210663,0.0730282938800167,0.08232678299944905,0.031431893657068256,0.06372711403134491,0.10595747176536074,0.05254856147574979,0.05191116084444606,0.044093503074736175,-0.12683031772216938,0.15638785754630613,0.07123086466389499,0.027633860326655678
609,0.08235297858563727,0.02234524011035738,0.09856805759527647,0.037631555104646774,0.04170603097568326,0.010937684574013914,0.10015132845823677,0.04445128294092454,0.006354819560875283,0.022771269888373597,0.050833802469052725,0.008330996592371243,0.0549111105697588,0.13516596592380847,0.12364497175388656,-0.06819643405240718,0.05032771126935746,0.04647153225645906,0.044755653714675915,0.08076745051923324,0.006983171745346054,0.050616036564387956,0.026476810160718827,0.03725741766995231,0.05588212441059156,-0.029268963790787972
610,0.1251718706301197,0.0323225038636058,0.08119115103256047,-0.043269448105575335,-0.0030443778694461323,0.11384915498507302,-0.05458011678879534,0.03744595350944232,0.01654492578100797,0.11739270268271278,0.012053658465372874,-0.04556182033244305,0.10619859252429535,0.10080200535609944,-0.04174501848492209,0.07288820272563057,0.11240670167452475,-0.005945656578264014,0.055412152540462056,0.09252455664572623,-0.0013688689235718345,0.007228714263036544,0.08753197119778455,0.15249848158337734,0.03803601897272211,0.10887571689484478
611,0.04392269714849447,0.12010223001762123,0.06951165728783953,0.08105205593606625,-0.019950080864455082,0.04578748197550392,0.01614131455287236,0.04187091325463314,0.07700936695926391,-0.019040030433995842,-0.0777244210565683,-0.008694755973076099,0.031083387570762084,0.06066583159359932,0.022291847399146913,0.1497787709821826,-0.010877914786694143,0.0870610485081373,0.05761969896605512,0.10070887449611403,0.049647223172576485,-0.0389503241081568,-0.026139382835752123,0.02045287814409628,0.05862899242547261,0.013059772000907115
612,0.04668895934291023,0.0645208968692786,0.08919102197414253,0.08798257288372698,0.08666725995531126,0.1538814180150673,-0.061380109812317486,0.032682684499232804,0.10208145431690419,0.11642278031251989,0.09703626544121668,0.045142111494621905,0.03953496857787053,-0.02716368188694703,0.06878261411490783,0.052983782731349106,0.05899521631241755,0.09537899538250465,-0.03511014519807102,0.01039345098729318,0.1006062221315611,0.011327865754616251,0.1452024414239611,-0.03196430562014698,0.0091266786653769,-0.0680146242244463
613,0.07858495078433002,0.002876369073054552,0.055205267529553535,0.038729731915813304,0.01383312642340434,-0.017862380061196524,0.07858099604187024,0.02603683569249645,0.02242446004811538,0.11272301016297281,0.03382913262906143,-0.06287301263301624,0.08343783861024827,0.040353972029661546,0.09074257103750806,0.008006854820789592,0.06015780867358498,-0.011472645461272838,0.07527774280987592,0.046676355105790934,0.026704406690132965,0.05528659875685717,0.08536424660397303,0.012990897049753203,-0.0826857298322355,0.03245406535608175
614,-0.04468833054432945,0.035688303731385394,-0.05464379083326282,0.06099862434938441,-0.029816015989392798,0.03470417169446571,0.0046762737995993025,0.05280999065352961,0.058653166499635666,0.09403246191468924,0.05730280135134229,0.021638857301288006,0.10373514493730629,0.08471396260138393,-0.020973233252659373,0.1424787794568063,0.060284891929820596,0.09229038842933723,0.07407192947733952,0.10493704508499306,0.12746654673276542,0.08818375415143832,-0.04457561780110005,0.059087549681315334,0.03478263033801391,-0.05794818686921477
615,0.09628584686859669,0.07502982030543408,-0.04963825912512423,-9.660974187760286e-05,0.06253247889353956,0.024099765859661375,0.029752622243921334,0.019795793229197074,0.08659666865310284,0.08763913818255288,-0.10804551933809768,-0.02592263545219396,0.020408920411634945,0.02577769012026267,0.0628144444332963,0.05277663010104181,0.019390967866980358,0.033083455790554085,0.03409488853899969,0.06070321178256388,0.06770109959243721,0.037595575688051275,0.09286518253922676,0.055657480584909214,0.015716488398438127,0.06720771546827396
616,0.07440858235653182,0.08758954704184864,0.012430343776604421,0.13680843509437188,0.05731156601198045,0.024904476895587835,-0.005257627228416458,0.04085868934796768,0.08064365595374125,0.019184400121928496,-0.004080608843216907,0.03535395552683318,0.004710451787582966,0.10233752550611681,0.09232237836726842,0.031960938857153655,0.013807852512264443,0.024691653801583703,0.0786318928319883,0.039100645140031906,0.09545259095943082,0.03246973616156266,0.03958556286096528,-0.03867140147982634,0.11351047818352678,-0.03645549137580437
617,0.053922082751495216,-0.020524499908405842,0.09301391893078285,-0.0014867670828595898,0.034424176957964,0.026362025295973663,0.14877584790300472,-0.09121569295762287,0.045312667374303194,0.13865282654356145,0.03005197647200279,-0.049535394985099436,-0.029434113197025713,0.002532425549699624,0.046659149477292605,0.10403044911193599,0.01675607090992478,0.1108417086871144,0.0866115644849541,0.09266046027045279,0.11053517772959338,0.011128352460047434,0.08415686444789683,-0.029844647946113932,-0.02650668376036171,0.06391815052682397
618,-0.004807307971302725,0.15619556215009037,0.09565947806949483,0.007878986317390388,-0.03201126916916255,-0.10127154349258555,-0.003358609211824996,0.021798520418898404,0.004999799645985736,0.08567267502940372,0.09806733103658051,-0.0039330555357583825,0.08276876710637666,-0.0238197458326862,0.052045203940408236,0.08565307181491201,0.05563646943384665,0.00692644321018232,0.1380200174244237,0.06942635818238609,0.08938890305342874,0.00451199979757481,0.030345849075681053,0.01325791216906132,-0.025029059579411244,0.11202329502061421
619,0.0867390275155978,0.015992978249843137,0.12240699089457473,0.030970008438338525,-0.057394703928168034,0.017882970247085146,-0.027073645772611028,0.014902741499028944,0.0733247449489195,0.043098279713690256,0.13695132193286888,0.06140165018151387,0.02256381092759091,0.08453203081854681,0.10718894965552084,0.07581846699554229,0.04583574276348592,0.04253457621545553,0.0695814867091047,0.05600007868595173,0.09003413729187586,-0.001955208853530362,0.042418205610907256,0.06390889163566366,-0.019058420511291956,0.04117044426556388
620,0.06836137171104971,0.0756702140630499,0.01047403333368326,0.08146269235369002,0.05174929994473665,-0.032547549797787734,-0.03532225479547376,0.1144589979185926,0.06900336307149339,0.069023021438624,0.015492552714883794,-0.02318860752324342,-0.01601999302690284,-0.05645540831572456,0.0201397157678966,0.049752109515699874,0.07241473357729673,0.03626082260250844,0.09628993439374041,0.06848166221237006,0.0618222714187074,0.05220518402449611,0.07186055132544206,0.00035336512474807603,-0.04676446720310149,0.061743227661420694
621,-0.017327702154331142,0.1040246229216323,0.11371699332100633,0.042001607413792996,0.04286261572452667,0.06827431977842018,-0.027042596851405514,-0.011717317982978778,0.04099839943199061,0.036485638764768805,0.02521503605082385,-0.005459146957188336,0.07908143076744863,0.05652523020671004,0.048389474814573806,0.10762520199402277,0.02958187055766002,0.009132884942245234,0.10386709752842349,0.007268480580175559,0.038789276985495356,0.11303928631255554,-0.0931594336619791,-0.03116260318208249,-0.0669481188351488,0.019180536326057856
622,0.03434357631009458,0.11500412661759148,0.07994869036189167,0.14987959186207142,0.09545130199360831,0.15854527378971714,-0.09227094948482284,0.04742787635234321,0.06784321730168406,-0.055771175508322134,0.07635897561323261,-0.013292016018169706,0.013467024000634117,-0.03915535337153268,0.03010094472401368,0.07956868531531779,0.05929695958506616,-0.017761335955876718,-0.004769957650374375,-0.04272152333242657,0.07876578407638958,0.03455144268740292,0.012742753294178732,0.06869707522348556,0.04868083201015183,0.05227133645710704
623,0.023135147798083882,0.08867545616569507,0.10735700784059503,0.06174880277182856,-0.036653422725936226,-0.006426925087746209,-0.03325551298270344,0.0074205538223847305,0.07231000129772859,0.029116760542482172,0.09286387757848318,0.05335340125650443,0.03713535313442371,-0.013706839679150946,0.03053663760246409,0.0962965982535066,0.08130433903738526,0.07128092954606739,0.011019055370919998,0.026761421146954418,0.14547136301125174,0.020414921806453507,-0.08726412022532802,0.010763656957871626,0.059066575755481354,0.03750433452351883
624,0.08877135127708746,0.07557929525709713,0.03311950181104697,0.1078189211950437,0.006331982511697235,0.10132896891613258,-0.05480487618110306,-0.014433599202573349,-0.02827939761290234,0.03498633374342471,0.06758898580141247,0.01972656520408452,0.05532238361258061,-0.01544926264350203,0.07448219261986323,0.08491370207045752,0.2016020208052602,0.0007665137030535103,0.0730716385247449,0.0750727095366643,0.030403269395591313,0.024022768225304265,0.003721194079595147,-0.01872613053128867,-7.17122330715636e-05,0.06912729892422777
625,0.02976358345416813,0.07555234686164314,0.05767157101664522,0.06083980323530273,0.09147881803078023,0.05372132443640861,-0.08015825974652735,0.07439121125195862,0.11048744492527189,0.0747744387730832,-0.0005750596601957388,0.002191591302247775,0.07437789933501793,0.012851838790829295,0.033664938411059296,0.0454425434516851,0.06423445629154435,0.02306588871423672,0.02607959346307611,0.05383005257882295,0.029956533838268202,0.053323296802673024,-0.057921948942132116,-0.01737068989707478,0.050446312946516324,0.009226071125931287
626,0.01724443129650003,0.0426834904204851,0.02960204092427195,0.0208988473021187,0.16896909201397617,0.05557603193248393,0.17538343567428727,0.055109760969917564,0.04821000477129106,-0.02579585509870221,0.10279147715821783,-0.00229681578506713,-0.039477245020006345,0.06321357304352909,0.09490090026636361,0.08393330957493313,-0.023633608358142304,-0.030007551406634598,0.04901347997330959,0.1414365247456004,0.12344729723720978,0.12601089201972454,-0.030259747307786578,0.14048861036712104,-0.09601028691613867,-0.0652550865427843
627,-0.005688853511137478,0.10369847294908345,0.03419731909537884,-0.003871296745328212,0.04394170375943859,0.07470640366954362,-0.013007312862843196,0.09732757126276852,0.06259369234600769,0.06363064167263661,0.1110794554359319,0.029874660811982905,-0.005725247834977409,0.04666680465176035,0.03800313693513727,0.045159663412007466,0.03575299995938488,0.06625949586895218,0.07348517617444696,0.08163717650856477,0.09861908489997472,-0.03768776921095233,0.041744494592361736,0.03204736725534796,0.008338784026507878,0.06951906157531988
628,-0.028017511637661602,-0.04267692125922138,0.07377559732800294,-0.0017411321584177946,-0.04233008324991459,0.08269697391019881,0.0332012485789794,0.0681980063893091,-0.02424379758431176,0.027574120839563267,-0.09237065444380066,0.021683141701519932,0.05578601459156081,-0.11333248618115833,-0.06502242670881508,0.05462661520262779,-0.10802244399102963,-0.015714640368411765,0.08466299123815903,-0.13316507690113835,0.04624445131755084,0.06982763915100117,-0.029277317515850422,0.07705271137650027,0.04630943506520776,0.05074757179716679
629,0.10559516640395399,0.05927328063692835,0.03840629480211866,0.012798230465690083,-0.000362975856832759,0.11563753518037294,-0.06892956324127113,-0.012362398153798509,-0.0505264240495004,0.0014928922084088507,0.006976428735186928,-0.1395921518508109,0.040566793618429464,0.10204420497777243,-0.08640428880033761,0.07086658934104896,0.01526345894815706,0.05126285453292995,0.03242934941391895,0.06975309312737399,0.07627548232772778,0.07490082946952355,-0.06036867644531141,0.04821755183670484,-0.022976457395560885,0.06533509701221041
630,0.1589060583338792,0.0943360484713761,0.06822635734983067,-0.010027566015645528,0.04605802349038801,-0.009020367978203714,0.03904333449942684,0.024266778976938557,0.09678763249403598,0.0875717684502788,0.08489210405273163,0.02432559758365079,0.09676619441716738,-0.04542919644776381,0.013336485872543269,0.006930753580763727,0.035554185396016624,-0.04239741797715868,0.030870749413993682,0.08176685641601887,0.04425422387696076,0.07010298465274457,0.05416902810185126,-0.0044381200648664545,0.011795221315222038,0.0844626858870182
631,0.10969874313407647,-0.013925032930882117,0.03548448540740223,0.0958257294022913,0.11560769833336842,0.02157869905079333,0.018096781012222302,0.005202196491008318,0.04805116476247401,-0.033958942712921325,0.10942770745354082,0.12573275126211955,0.08519515058009086,-0.055103884998763654,0.0635290040245478,0.04583280822428152,-0.07746700145217783,0.06782391869475442,-0.004955010485339528,0.04473862506979959,-0.0032658784951070108,0.048807629102289016,0.05243191252038062,-0.01639653686109044,-0.04874461189654646,0.06459797506060334
632,0.020573616436571907,0.022841738813748607,0.053637903838781385,-0.015159743096090417,0.046780637591742925,0.05389976737595614,0.05782823699234315,0.037151253924832206,0.10092139502115376,0.09123437701046651,-0.005286731099265807,0.07740383325495258,0.0402099781724668,0.057581897631692545,0.06175209053915252,0.08923325958698408,-0.0644571190433529,0.035815445711054716,-0.036432754533617585,0.09849498586034483,0.006481412509336759,0.035806130670008006,0.030417043921118936,-0.00010063619378312526,-0.04039751685320616,0.11778997419580929
633,0.060270323868277985,0.05674235303796145,0.1253657322701167,0.02418702420203961,0.018494415770346457,-0.00536309063057655,-0.019042112330705296,0.06020373087574963,0.06454747204399248,0.0371013418287224,0.029331294840001666,0.10809911893604107,0.009239946535762914,-0.005582716003113275,0.08104546037617065,0.06633053106421473,-0.07035054033962464,0.03549215296339538,-0.08996117617695949,0.12540394293354348,0.06053156169469032,-0.0360815531081069,-0.11027659837965488,-0.027218542056060373,-0.028610260121103997,-0.050250624045200164
634,-0.02613398862526613,0.09646873326858807,0.1632782146851195,0.05527602346860957,0.07418042258972911,0.01013220908019193,0.05325007167424382,0.008724970916915504,0.01824057874400531,0.060575355798946996,0.03632323993749594,0.057031656917735096,0.0866854980292141,-0.03872191007110861,0.07099766798478181,0.054573857047157094,0.06398373139668075,0.04636546531734156,-0.02169887963733591,0.1836715755910923,0.05170562651378998,-0.016426619610518722,-0.09137686869069013,0.018260838969270093,0.027506745401280102,0.010131874329443255
635,0.02446094438487841,-0.01109286441295206,-0.013561936379211659,-0.005324192431626296,0.08019269592702948,0.0095978089434615,-0.0986689603948659,0.10904558378202402,0.09009616022917748,0.0552277348480843,0.002983794196045997,-0.052943418922836216,0.013900094936142582,0.04320929718585722,0.12452396694557528,0.047883648828752214,0.00252139145723342,-0.03142283343378175,0.06563457264907684,-0.03463403017332428,0.1218928631047505,0.010842267337963452,0.04239992304468909,0.023554976990859254,-0.005658454191382075,0.07563508907156245
636,0.01731638527602249,0.023321520114785572,0.17059383404511497,0.08565101334714653,0.1052653093970648,-0.037491530588370424,0.004372391635583839,0.16794115896933057,-0.09397293303857886,0.06782523681273787,-0.09976422130356936,0.11442634389084393,-0.04845223588457306,-0.018736830603990434,-0.018669560430838988,0.0724693838091419,0.06893009474636906,-0.005898374632803238,0.0027262913354176117,0.05481395136023733,0.015667500933300122,0.04730951026984894,-0.0352357445239439,-0.08176674954022949,0.02760654892540672,0.02071984908074659
637,0.05497440728738138,0.03412436064325558,0.022319882192996004,0.01608131905508135,0.00012928348483589192,-0.023018313616575005,0.005349450977043832,0.08404855614012041,0.043117086935296124,0.01776542242097397,0.06171111359707404,0.018904609905051738,-0.01208872510794129,0.07345708633831859,0.09813554845767052,0.051305078255780345,0.09741906603018964,0.08892590105511643,0.043170335760512824,0.09136426224632584,0.10243917411219822,0.08851249729135795,0.030678166187903845,0.035553939500019116,0.035145358390402594,0.028282321346315774
638,0.025281133459779653,0.16638299722642771,0.0007805317486057799,0.1224988580603415,-0.0028907264367794188,-0.10567033787513645,-0.008407371074428443,0.00014700423020469477,-0.0012709384763629856,0.03822540061626952,0.052893834739369594,-0.008241384048705705,-0.013022517481847887,-0.06233958312963106,0.0872550142373158,0.07896513272849655,0.041716728816175074,0.0972652875282846,0.044695895298116683,0.04389177738957169,-0.0564776792199028,0.11020332076095386,-0.07512510734720246,0.0425445666520512,0.027177976610006965,-0.052378919736689455
639,0.1643357549056892,0.09369547471723498,0.1042212699867155,-0.006119060177774509,0.06468956138321229,0.0511338267002468,0.10546426196023799,0.03809510177860324,0.04753858037768412,0.10908409894212612,0.026567368285568122,0.08288522586506697,-0.07539413138134303,-0.08220237171167155,0.007882590857003527,0.060868365027279436,0.15053764429378477,0.010141047367400364,0.06089086044249307,0.0728261418044545,0.005881853809515336,0.05552491508992826,0.09793887334196967,0.006517616685036476,0.07823694374563768,-0.002004814053192064
640,-0.0014039744370452634,0.050106857092866,0.06932096519685117,0.06710791184906616,0.03779299969368127,0.09889750075660392,0.06020170892862856,0.1058486759164251,0.037707435675870815,0.010819049806755781,-0.05322518302603831,0.10151934912152664,0.152943216658916,0.034464019116070534,0.04644234725425489,0.11970726705594463,0.06402833215287529,-0.009924130780461487,0.025598306644924202,-0.030507666890553342,0.02157404090278886,0.07170356071923528,0.006579920362168794,-0.026823520849920346,0.06740018343681713,0.08670268686816872
641,0.08429105430675365,0.05984171295143618,0.004905644272279612,0.030151189260172684,-0.05216941167684358,-0.12530605799540637,-0.06735022866239847,-0.04239781290364133,0.10727912651244037,-0.018346196306052533,0.007962391144830772,-0.033221833049051686,0.05728208487679637,0.03876676699469487,0.02683900899004258,0.047440273909870954,0.06229616727767412,0.11297433149781959,0.1370924813918127,0.07503212686840106,-0.030808449544839578,0.016727132576201287,0.06189057523255561,0.0058419088982932426,-0.052813476341764753,0.04511015052365499
642,0.049136361636156256,0.05617556451233252,-0.030271706621706307,-0.0704229777327083,0.05202854388027441,0.030125829094106125,0.036332955574760684,0.11837150897918534,0.016788201258249424,0.009794872042278024,-0.09844666667511075,-0.03310673207429168,-0.002975694553643049,0.017675149138723846,-0.005135227120225609,0.08959767174736145,0.027065321060898002,0.024538864401754606,0.08487785798104623,0.10080033338527074,0.1193343137330577,0.08459717078243062,-0.04853717646378238,0.02292921286047165,0.012984264440544329,0.02681157790087607
643,0.15827696334629948,0.056407124377760264,0.016800820669934456,-0.023378113200712775,0.10472967804757183,-0.04969579822428658,-0.053313232200757454,-0.01597151097649239,0.08211865476797518,0.04564196069141976,0.009103153121592322,0.004793365590472276,0.0311981755130068,0.0439580473503273,0.02964707103624546,0.10781423854711149,-0.018829583709861653,0.03863391789053657,0.14030491866105552,0.09761009495630875,0.06078116570948666,-0.0048091878222388616,0.030804917439801106,0.011922793070490434,-0.03423671475721635,0.14250438982679112
644,0.03626316839246272,0.029780641757287157,0.03195809209595076,0.050973180656248264,0.013261702088684935,-0.001403137692387332,0.01192884482049635,0.04458047671765956,-0.04953076656450983,0.08153466920723901,0.04794524054592042,0.033716559208965845,-0.01133362390133578,0.14374276417815424,0.07628731805420025,0.07908221685720333,0.09546935695192983,0.09483148677177715,0.12151179066171774,0.16774747812949511,0.022816314315894686,-0.013404201646243896,-0.0717197337968067,0.031096282205875868,-0.003403233402336707,-0.005137805023816981
645,0.09153460729150875,-0.06110969917405975,0.08100602692394522,-0.013557052558728855,0.06572278785834729,0.03808742003400467,-0.02227705623164733,0.09985024410886363,0.03167738644853794,0.12311953809635968,0.04740810512346316,-0.01154414681265518,-0.031032110163111765,0.02282424333975443,0.08321052421039267,0.06904694561831536,0.07812498423543972,0.028822976384631382,-0.018400584843621153,0.000124313746832176,0.09332904492385836,-0.03339871137753192,0.05879926843013785,0.1409747432080448,-0.0412421227316788,0.049964473279614896
646,0.02879559899784815,0.04583865215609826,0.10829431690214307,0.04571561469602596,0.09734947216883372,0.04592181788100721,-0.06486924054318134,0.10852377209160963,0.04274931479906927,0.17977745834941658,-0.044109961087629844,0.017339127147815176,0.060039494326094525,0.04781762324326588,0.01693350108164158,0.036563521025146484,0.08938148964681393,0.10218754824444044,0.09295489972608878,0.014358546814704424,0.11009819073175443,-0.09155609178942443,0.03220658750545539,-0.003644734259908633,-0.016728684291093494,0.009460879485687116
647,0.053495116589475235,0.09112844996159002,-0.06336797867850347,0.006209718931684964,0.017251839757204696,0.0013140021608831765,0.059971635273561474,0.08870293471367847,0.010993513764201138,0.02176418904335612,-0.009519816772354047,0.05787523186661858,0.08284321690342582,0.00714352930740834,0.0906422104829283,-0.015355105287950496,0.03698930695750082,-0.0030557313192931903,0.029055834810692183,0.049708302003127834,0.06430289044525968,0.05495158996511951,0.019001992571268184,-0.03058850586647081,-0.020268980055499004,-0.00014227658224038285
648,-0.06181542572551205,0.19310148036234384,0.1567486498382754,0.02177140058729989,0.05194108009193985,-0.04455821515848483,0.06428889602392547,0.04721410720730838,0.03566810238395638,0.09217031955726838,0.05789698847100407,0.09987425191473305,0.0006521393359362748,-0.009672774099465301,0.09010515034292776,0.05433068647615058,0.059275901208983905,0.08444022342058843,0.0637439962732564,-0.03366495781334056,0.10403273834134384,0.01221211021397158,-0.06174504182756979,-0.007923989896288102,-0.04902751610784495,-0.014566462657731039
649,0.08273800174771893,0.06007229040024059,-0.0037541436445845027,0.009118016119191552,-0.005282466317150311,-0.02156612399530992,-0.009727095600129668,-0.009006889928282616,-0.013573581347818978,0.06502421679462554,-0.04479704417450046,-0.07326681440728783,0.09139060177567837,0.05083752417283923,0.013264825720017932,0.10085382342103495,0.006877297843212597,0.08313380705292865,0.00274482521812656,0.03020561966085733,0.07388551609899696,0.14479643077279078,0.06203073212122042,0.10417585102475502,0.19490658195889657,0.10949628762229392
650,0.08202946329412086,0.05752187029746895,0.005172379885050722,0.08730306352881988,0.25526836326636065,0.09547511531199111,0.019613656201213026,0.22138894283778235,0.08498907735111043,0.030945701061977398,0.03188562257430542,-0.012409858644294058,0.022004443486523972,-0.045994186255674585,0.11611431126081695,-0.0039691569825861155,0.1562148416511974,-0.04266167980244497,0.0857523652324952,0.009181074951769083,0.14459820023708572,0.07596086962561732,0.03532630086070354,0.021805379025282012,0.10035353617613367,0.02378098091154653
651,0.034775124988969175,0.1367330679373762,0.19910727111797763,-0.02653635479059883,0.05184889758636076,-0.07224550824763605,0.015340139245825982,0.1279033393836929,0.07965835323716398,-0.002442914198723556,0.013581317370052637,0.028898468867071536,0.07263882278370141,-0.004615574799766893,0.10392964755797253,0.14108333129395853,0.08779268262949032,0.027576370920782762,0.017243767645935236,0.10925260686139084,-0.029343838108880953,-0.029643257777077586,-0.047538723252270876,0.008854626848073885,0.04361435937377437,0.024408590794742707
652,0.0068383759425896615,-0.015000954253358493,0.005441387069814415,-0.020429132952841895,0.014571473884206432,0.05456733804249112,-0.00805175872140092,0.13674147784301247,0.03675985413203028,0.11145147518925717,-0.024075416058014054,-0.033866574128892914,0.11348700944477451,-0.0024532678108159693,-0.029096746443124395,0.06975312778119531,0.05747129413997613,-0.07156319078625871,0.03905637459062002,0.02075573455383114,0.12731971538140838,-0.01378277909217307,0.02122487133076645,-0.03515003372849995,0.0010234582681243332,0.0316367852133535
653,-0.00010976861876029376,0.05723689443914119,0.06566284452542866,-0.0252286335320287,-0.04277618343301807,0.060573510967731614,-0.0856598913052974,0.06712581456963772,0.055191476665045223,0.07897198797632175,0.06817246146295501,0.08058451154809863,0.11644463775559209,0.015377239738283439,-0.07213428528253159,0.07206332334281344,0.03405008200026368,0.10163672691771188,0.15678361169742794,0.06696228057087046,0.0582120102937291,-0.0588102553746063,-0.06458025432532137,0.08284205182506534,0.028999793079046172,0.06190567488223594
654,0.04336644066754723,0.02252904982090831,0.028463608415000785,0.09488167755700434,0.14003282146954685,0.052867604619406275,0.02918883682615986,0.09950867932998408,0.027800597972811945,0.07015230295574142,0.08080756375936064,-0.002010419872235307,0.0971797604457993,0.05945045988457065,0.11894737855319702,-0.0553247481552662,0.06003841168171996,0.06566955563686645,0.02847425686722081,0.012962174935183887,-0.04494368817476028,0.030653749371896338,-0.07172436273228251,0.054293445105878045,-0.04658628585187754,0.07256901271737864
655,0.04520113694462561,0.06692479550569645,0.1657254268447239,-0.00014505033737173979,0.11752057483026342,0.08350860613736012,-0.011313484425878687,0.1087352377334377,0.09700340138030428,-0.04844156208974659,0.0019153822565520593,0.05119461091308793,0.023831440827209078,0.12235957687924709,-0.03759541915720962,0.039878494861323575,0.0877738843874169,0.012702981992544013,0.10908220194485745,0.13406041800268664,0.11632407839036064,-0.03053670048759009,0.013377352521986536,0.07684438898500728,-0.04352634589693962,-0.017378428208010038
656,0.008948821770561832,0.06580478802918428,0.05246950151298176,0.11420201652819333,0.0014523593925006946,-0.03453422070808828,0.03640075673002543,0.03237824179417207,0.07328549795887103,0.04462985725431279,-0.06323559201308275,-0.02271498796329574,-0.020819824265123743,0.030539400850415864,0.014101439753537412,0.03712279758926745,-0.02524625367073489,0.06015545411101508,0.08382121454247733,0.037013722667169735,-0.011624097461044073,0.07430392305988899,0.05649680441905106,0.038927660327285875,0.053164429767574,0.09518708210522607
657,0.06974838119988284,-0.022826848023009976,-0.0007287679528468942,0.08212975767230107,0.07716794175797943,0.027623163749067852,0.027730582897364946,0.0004407793692539814,0.08554506339233318,0.05756786760314612,-0.05292521488890025,0.08240663709515227,-0.052826091792168184,-0.007334662694290024,-0.07614606947220097,0.11237759703465516,0.05659406400791487,0.05321915325274166,0.07500643745771636,-0.019913219537592175,-0.00843613343956014,0.08380235289491701,-0.09117044104719098,0.07429903448435704,-0.04071205169111251,0.04270444670692788
658,0.09659387724342822,0.13434124626600732,-0.010569223570992253,0.07222514213265374,0.09352681608113013,0.03913081429834695,0.015155563965018753,0.0033503214066807714,-0.08173358119468811,0.04827017934512693,0.029235436432738793,0.05818016768346781,0.027165430142653213,-0.04762228002066726,0.027293321730431825,0.08236957287474485,-0.02776907648511249,0.030455017387580975,0.12810422508737243,0.08266942702420428,0.013352434603098207,0.006144972303927521,0.03419375489938107,0.09700527057974707,0.004399210167448228,0.014096834347133899
659,-0.029700121733239975,0.03889706311671511,0.022487239089507782,0.07337379711314627,0.08245986410781814,0.009360222328804476,0.07074861115991245,0.04273967213814693,0.07031471778104074,0.005862073014942829,0.09061298730641378,0.004419862807064708,0.11823162660202567,-0.027550339928138563,0.06904831333348398,0.08267371807125384,0.016100970583867613,0.0055922595441988045,0.04181698923800233,0.01808565717199632,-0.040088806040168345,0.08943766854606588,-0.009227272194374433,0.0800031220638991,0.0631347135228169,-0.007052089368117742
660,0.11145618667263235,0.03036015470218863,0.03947352396393503,0.1302065889878559,0.09115655456206762,0.002751244211069889,0.15482286877568435,0.0917277933133937,0.14427345127524413,-0.00023196696960592345,0.10544915279843463,0.07941474285295087,0.04296529365237476,0.020200541451296294,0.01660685641946628,0.02140073319737209,0.06932530821877096,0.06091559058559798,0.004598707625243281,0.07460229269524854,0.18030983645965123,0.04925260954442493,0.01910781833379155,0.00989522368756518,0.06756900012064287,0.13489384577419591
661,0.034067383939014796,0.0052278318892872155,-0.007722069128349421,0.12060039712832349,0.1005800047882589,-0.033807133606426766,0.04738532783127712,0.1405755703248631,0.02107430858171233,0.015122922313045592,0.07708006472379064,-0.0696812134900488,0.03720874971792654,-0.0011940856058723637,-0.030036907560862636,0.13538770111298493,0.03727916862966415,0.07854604914988195,0.04981295620268215,0.02687384870275487,0.026208306993134457,0.17400475273321567,-0.05860673404038682,0.025902062482242433,-0.10375657223238945,0.0945998291525378
662,0.05276719853546663,0.03381487852491819,-0.022733795196705896,0.03348527888807926,-0.035969630416375374,-0.03639767521424081,0.07936139081831062,0.12015660310953359,0.08516470371882455,0.053755642838195526,0.07865821005042817,-0.02765219344647979,0.12344710783343667,0.011402888903752573,0.09823305198624831,0.1134974298677446,-0.0053196350792362,0.0568808430793297,0.011174379138132868,0.03459517854340336,-0.031918206222050605,-0.04130305344757527,0.004361682525569992,-0.011622128771289894,0.028815496280841495,0.022293826042022048
663,-0.003977745799137344,0.05645000037163017,0.031193310655770634,-0.0696476858297304,0.0012548962633022005,0.06232299408057296,-0.17612798258513493,-0.02606447843872467,-0.009327159887284147,0.06235636621567607,0.026780856813759156,0.0780034204238718,0.062203543072495225,0.06383339776595258,0.098922458790999,0.08617527956967151,0.07225467459041261,0.09596616584199724,0.08373249937216427,0.07434195234729835,0.02094194301011722,-0.03711141855270197,0.0038234852656438747,-0.0008954375435688,-0.04680150247595779,0.03698870881399111
664,0.010833127610193245,-0.03211194955959675,0.07054604200038102,-0.005341666515580712,0.006637810650186038,0.06505574443596267,0.14891148696415063,0.07809250116185386,0.14246191754197438,-0.007660152371523825,-0.08123886556565746,-0.031262860566336405,0.04873697536947047,0.13507616263172048,0.028961664847665308,0.011414485757014167,0.10846173720165525,0.05045147269243892,0.025509937894138485,0.0327045611695258,0.05292747477461194,0.08770284919863784,0.0059942732492650475,-0.03119980447169572,0.1853080636034397,-0.017375823465059354
665,0.13846531411832533,0.018218487600386468,0.1357943235367388,-0.0017366761352918259,-0.03146413914520622,0.08968041722011567,0.00946018494062508,0.04638002555130653,0.18311343699041366,0.036331147271857746,0.07626973328781696,0.008096630119877879,0.029261904752728014,0.02462366988676675,0.0006917394699691619,0.07878822337748316,0.030081150602342566,0.12807101144997754,0.007085929405535837,-0.016648230133223273,-0.010290313025102988,0.08955401818132942,0.08651892942662097,0.03594243914649361,0.08358100203023744,0.05587136426937447
666,0.06142114007513015,0.08479468663629867,0.09450571942103014,0.025019454306350036,-0.009803009886317104,0.055373793799239124,0.06760770163640513,0.01690351911421025,0.1540213639178717,0.13666479871600604,-0.01818208449189033,0.12383777906567629,0.16322616788643035,0.08399042143889561,0.08514050028030073,0.03642486721021426,0.00310389326529259,0.023645305948952977,0.06644083328171264,0.09627349485324467,0.08040969716392753,-0.019118757688611154,0.013716719852467918,0.001305142558692407,-0.02248299301852859,0.07312194516070518
667,0.04307281085640502,-0.03754195160826557,0.07872735040319116,0.08186714433781778,0.062253914211381,0.09318753635653103,0.013025788151145228,0.03516203167852405,0.003975512197754587,0.00817712017970973,0.036601894870475694,0.13514869397179732,0.06044778843845129,-0.0030720447515675446,0.0616609909005143,0.020541766888094653,-0.023587504767116296,0.06129897968839293,0.0696236683311694,0.017611271632650378,0.12834495333318574,0.11465360550765324,-0.04687923420154374,-0.019924301037449188,0.05397648493205459,0.14467088919046545
668,0.06621414479039373,0.08939455527919937,0.0866764815214236,0.03518560735187106,0.04763933981434598,-0.08166641075542452,0.08027094044171813,-0.01765428489917435,-0.08150100057970698,0.07258469256212492,-0.021508889084210114,0.0452161091502041,0.07243578622690515,0.020836139614181442,-0.0771988817063304,0.0722477710877049,0.02278923663985072,0.025731918485500382,0.16241734543989472,-0.06721180836069633,0.14772861089670758,0.018055498835370387,-0.0592140576456112,0.09411523246634697,0.045611508771952525,-0.04349969742734805
669,0.13279159347890554,0.02795684815485333,-0.018620538472312265,0.0007173266641815426,0.03562033897894993,-0.04512031097210025,0.03114562735239612,0.0028814360328091038,0.03167319926948331,0.04035455519122048,0.0998996049377302,0.03982689363918829,-0.03862266191290731,-0.045855809361764345,0.06194732693441968,0.09408098698040533,-0.0036556270898978984,0.06319733813262961,0.031725302681954615,0.03213747450939317,0.2293233101499799,-0.06227656200749645,0.09538611325823082,0.0778559327221086,-0.017273052951231566,0.031783256958907546
670,0.09752927945469297,0.082908471245981,-0.03487767093348628,0.016577361945133928,0.01912211894573766,0.07224291428147785,-0.0009197563087579943,0.11744443547803524,0.012633195909904341,-0.04978250125213838,0.08454837420844126,0.11610971218959,0.0812346065612543,0.06785649233261443,0.02548667644380424,-0.013361877182557009,-0.022278385297604304,-0.0012672070692259325,0.05074155101535327,0.06699889142701587,0.07663300545754714,-0.09060132334850789,0.005841091292018652,0.06868987694234864,0.08183075900048065,-0.010603777246794066
671,0.06190746590903282,-0.03189025665842125,0.008424667836160046,-0.03700856864310801,0.042413753185948866,0.001986192892684221,-0.007104463147739826,-0.05399143619269631,-0.07247125617666782,-0.05724951984368587,0.06481651765000503,-0.023015561389881495,-0.002807739644546651,-0.03838701051481432,-0.05882559711655625,0.037267404877913655,0.10911774872774375,-0.036675054329330325,0.0160102640126412,0.08923368387467252,0.004958706080694264,-0.017909875463375097,0.0826476655610996,0.07539713076372882,0.09386104660918033,-0.02672145170616822
672,0.060862072914471765,0.0007637453192327523,0.0409382853351852,0.08007030824504528,0.10539562741279475,0.019588398270838876,0.04506491054992481,0.055916803787764736,0.07107839043286952,0.08167882111018561,0.08802243480770687,0.12022593788715423,0.0004527360827452827,-0.020765365996624558,0.034262599573112396,0.066412210334853,0.10952633466391794,0.10071830280647427,0.09357570986270262,0.01648766379859915,0.02900432757742886,0.12422779272952417,-0.03741340041902602,0.09853484579431575,0.02310920803377492,0.00425666460433786
673,0.12124138050845097,0.07807958934841948,0.005722598383633945,0.04797990525690334,-0.004269312931238592,0.11920924623877942,-0.04515024429038098,0.026486548894593974,0.10501208034546876,0.01847726657316214,0.007387128350536195,0.12536417111525797,0.1135880516086726,0.04140510056779876,-0.026762498265370156,0.040512400023955245,-0.005317158377715496,0.04233300931078399,0.09601016833022309,0.08803384384941111,0.026431305182733143,0.04929608819143801,0.03796808245529267,0.03310322215711455,0.06372120383724827,0.0663616548950553
674,0.07121944536931422,0.020111753218827078,0.09418355937419393,0.018473744164111943,0.0314404585607323,-0.02761941502378984,0.07140559301680899,0.051641535781056534,0.04370935575641879,-0.008175692762980025,0.11857160598457749,0.032738146805066204,0.04651197014203867,0.06633777150799071,0.09394763715709613,0.060050309833860394,0.029308229376867057,0.06848439936096322,0.08493413721550426,0.06657558806638791,0.02074326579412139,0.008162003402490256,0.03791872957330208,0.04449361924483958,-0.010829096434663954,-0.09894463761778438
675,0.15581020981712787,0.06162242166375333,-0.06719519877889367,-0.008646896664947945,0.021905341378234373,-0.002654009151112265,-0.11608390464910667,-0.057959393487292475,-0.03178476436996769,0.05490634086171712,0.04745290867029807,-0.005749344419939739,0.07421535610867942,-0.02766854436502967,-0.02954116717265413,0.12039575211580977,-0.03331217774052597,0.0823118852565695,0.04787007037141022,0.02178823582100914,0.09143721431183112,0.0472271870475647,0.057292427008759715,-0.0012387212525189857,-0.006111571743883843,-0.13709521722641846
676,0.12028582214694067,0.10430369339049272,0.046544601826663076,-0.021216669331141247,-0.07417834918436396,0.09519775964936526,0.14986798789242134,0.035804299491429124,0.08092945276240811,0.061239345679113245,-0.0464633327804479,0.14415416720988156,0.06774827240182635,-0.04847588334488669,0.14052385920964539,0.17095805782373855,-0.0057010285124663995,-0.01415784675045632,0.05376779639089174,-0.0023366917960090756,0.06182278925816533,0.07114106865299863,-0.08518970253247525,0.07742820474200578,-0.00019840852885653437,-0.00305790760766859
677,0.07642038844426306,0.0855028593682056,0.0466434035118519,-0.0832487932567708,-0.002442061035532868,0.02780476934984255,0.018177347865144283,0.004405555278589472,0.00785675051912314,0.05435103754791112,0.0774045211358139,0.11978904900790444,-0.042127079447226636,0.013890892381513217,0.10619330666041178,0.07259814507292478,0.17396193724522202,0.08370067114596437,0.051597034954613284,0.06550738663823197,0.06609872823905233,0.04819362640945888,-0.02687885583412723,0.022707712074339005,-0.02557297535939403,-0.04908549474628885
678,0.02305465800908509,0.11792685966091447,0.05315524949288832,0.05487047702639101,0.05718296745326231,0.008960519633938882,-0.016649996747201617,0.07951915313802282,-0.044714044723531965,0.031499400690333114,0.15459866212412973,0.07593004173410312,0.049151193348543065,0.03507837273955261,0.027519787078671032,0.010697003482830463,-0.018335445135268025,-0.02055937037707924,0.06492179043843695,0.0411899823368179,0.0889300035187065,-0.01224375726911216,-0.012684708517605003,-0.013317710659795071,0.09004162554022477,0.1041046895459249
679,0.053222863249270634,0.10804869943160685,0.08212769030181682,-0.0007895688213194196,0.031852900046713574,-0.057863784025238583,0.08909687779999091,-0.003650274671762414,0.17534119802636325,0.06980967225421046,0.03446217038398164,0.004366776857937145,0.058446610324298466,-0.03559507729829867,0.04770193459422839,0.07359185765233796,-0.04846528670222764,0.0795632111510372,-0.031207478752174778,0.0761412539663031,0.13624935644389022,0.06892995440112511,0.004973969764528963,-0.07731303507422162,-0.011237554720865553,-0.026545335427414146
680,-0.0011523249642552136,0.04768012150788237,0.007882055994337259,0.10894669689556791,-0.07774271268709494,0.08288112083539177,-0.00030612419324282936,0.1163872380989562,-0.024494101757387456,0.09539087108190832,-0.023377590491225047,0.1288927381890766,0.006399591960535929,-0.03761903053613678,0.05845758170473314,0.12914091941341288,-0.010232734630249799,0.09164617717597529,0.05731721222648641,-0.01576441608932677,0.05305226791292711,-0.030079453111759285,-0.06383833979757703,-0.045740053987865036,0.08454527260826028,-0.03769637163599402
681,0.07551362250387257,-0.060332725308054724,0.08258704768988512,0.08243275589710429,-0.02899241744257619,0.10442241453112198,0.17275622582558173,0.12475517571226749,0.08826350847233273,0.05085000962470626,0.11543824876760327,0.03628919651014203,0.08933804498587467,0.11640727970158755,0.0732301470772254,0.08852720338821359,0.09510380584531856,-0.07580007545627676,0.0432106037156483,0.06793570806484368,0.11695127957012012,0.005640820541131501,0.02308684734335072,-0.0032530138144652634,0.09658932896140636,0.06553229764556408
682,-0.012219358674601444,0.03753643966417084,0.0982427746526366,0.01695499266991792,0.05032805441081769,-0.01576904800997612,0.045848426471222226,0.08986664048495414,0.04583688416902213,0.008164509551028098,0.028650112392293925,-0.028853612241134547,0.034312088048767696,0.15404181169772804,0.04776125126890277,-0.0014876569009501333,0.0038617003392855303,0.11150659566804204,-0.0035366242808854143,0.07116126070198242,0.09740164511859956,-0.010502039779284952,-0.03376923704914151,-0.046219222016624394,-0.050137653048196784,-0.01762334107260971
683,0.007132131737885701,0.061845511958889245,-0.023712356798912315,-0.030687829601682665,0.12548150030304678,-0.06080454625803875,-0.02325198590250423,0.07910015604385444,0.05349657526788937,0.05028969116007095,0.04397655182138597,-0.05704635542318851,0.12003526500114066,0.014621150399355298,0.06984288890528444,0.06483537452887674,0.06682676078553666,0.03655594117493144,-0.05384997552622343,0.061445844502349724,0.07502419280112455,0.05212211552676449,0.12449725482924383,0.041217820041972,-0.0749165390927694,0.023287440609565797
684,0.06023627862963151,0.05229767864943683,0.0470427258559894,-0.0707921406362003,-0.0012323407427560773,-0.03812848444932241,-0.005189165962567688,0.12691038088969944,0.004146120443098738,0.02356449289442473,0.06833985503401026,0.013111510829811787,0.08933044991414307,0.07501797095105182,0.05146741598652819,0.016351972326047126,-0.06859514554577018,0.025749465483132318,0.12553756448263387,0.08496162755065022,0.0610251189013827,-0.025955294943693752,-0.01736234838234757,0.09907272480375952,-0.051660844237475266,0.08961470119413288
685,0.11677290081893638,-0.025470001324151448,0.10359450042895431,-0.014195600912252618,0.035959678208281866,0.07383445238239662,-0.11430682547692429,0.09767577526774772,0.0325175013350941,-0.006642161980450756,0.0028148062337618827,-0.02807532730332481,0.11269558313173444,0.0322228612319844,0.07375632800656244,0.1255160438324072,0.10505598869736243,0.15368147908191082,-0.0013344042597740842,0.10584174980954257,0.1288394533314934,0.056191204034293174,-0.03486209167752443,0.11962299999528309,-0.0029460789256357724,0.1683386734335988
686,-0.025530102844238435,0.1067521635308643,0.060039207696285735,0.04532250667701643,0.0008022370986978482,0.03540839735785436,0.026731421833420903,0.0005244014774639836,0.07089119710242647,0.00987142818442042,-0.0009194090845794552,0.0778271906264717,0.020919986944430386,0.08620933901459171,0.016261692659324645,0.11518946498298972,-0.0001655980501935419,0.06709139024444184,0.10186979349694829,0.052782369616768667,0.08036883984542893,-0.09993155665367914,0.01983948020483193,0.051836346515691134,-0.08692662218648624,-0.0003716155293176371
687,-0.001023500831466055,0.06815537391744396,0.08455692925554104,0.05531300303984732,0.011097047812054986,-0.02921605184312585,0.02685119886037794,-0.06265417711598166,-0.010187571530301661,0.02153658955891239,0.09682807034719541,0.11044054227450496,-0.0007989507818757144,0.006116390358333982,0.015371328267471137,0.07978489101697979,-0.0864686236006077,-0.03262801014290029,0.014261444140173291,0.037941863624762075,-0.06108881739636557,0.08026627065756758,-0.023160297881737346,-0.09097365456690122,0.06409711853468014,0.0708927713454327
688,0.013720209041101364,0.10002569374273386,0.05060747131325768,0.03205595581708526,0.010686594733078814,0.03188757136896553,0.06047808917775329,0.18099624370640927,-0.05815207024776007,-0.0015791788931296218,0.08096690778163096,0.0943528303809602,0.028745438820791946,0.06661075844061258,0.10281808976611397,-0.03719137813012495,0.08048371927120224,0.0765281334809429,0.007513269419904341,-0.041888186781176374,0.05207097385872441,0.04787850702212317,-0.02480789969708656,0.056450228661180636,0.0695316923658557,-0.015126348212962751
689,0.07649289603306703,0.06194449063965997,0.029618887011228223,-0.008733190369606458,0.05737144685485166,-0.058622412930310064,-0.010912840036935323,-0.036402127965122044,0.14381885329337116,0.0017048492574041983,0.0021956706768201015,-0.01514389386565725,0.07550115773192902,-0.046229910086902505,0.036195324589345025,0.09075995363266326,0.03368547290049092,0.057718813844459184,0.011609320352349461,0.16448645305133253,0.01904093513472179,-0.05901360317294587,0.0013665396186018737,-0.07007422336068303,-0.03045028187796406,0.08889088874540695
690,0.0014322181484001297,0.09276270251932366,0.11564872130467152,0.02766983455344914,0.13878873938766836,0.11084001077863226,-0.11606172020530932,0.005033859815041749,-0.033832927108447375,0.008517859401100503,0.08060786650819808,-0.0563739934070964,-0.005963588642931746,0.06623421485117738,-0.026420059266763385,0.05577822131904316,0.13265862012386292,-0.02311337021769307,0.04232705670293678,0.0510571397392145,0.022935058350011767,0.023996950994364386,-0.001966722092926291,-0.07412230399675468,0.027167155451744158,0.057568934094210565
691,-0.03210890130160188,0.12133858715904101,-0.06749779942457174,0.0038373768465787186,0.06788795913876457,-0.0401330530632543,-0.004627511166616971,0.040706446321283785,0.04666588378090619,0.07061919434348046,0.051604497678851335,0.02496459020977345,0.0533897013542338,0.08340988991380312,0.05171088983741936,0.08337403404115268,0.08140516961045241,0.08727435772338354,0.03828002483072074,0.0196878702463544,0.12919616193052338,0.009307596837738297,0.05971698764551477,0.0779879064088251,0.04301144449854207,-0.057188879662101975
692,0.035428987916123554,0.027196408625130713,0.07323187134117581,-0.018690330853664804,-0.08118843205371779,-0.04866642899190902,0.08011776718405973,0.005143175964246682,-0.06194800105720157,0.04553332311697774,0.014172869302079375,0.09349775242145081,-0.008373775323458954,0.06728637155521755,0.012024149563218105,0.044286154076182326,0.052458498403209784,0.06453657833269712,0.10931326505522344,0.076797146232436,0.011310302523770058,-0.030071425173932836,-0.004022178050341458,-0.01358253892258813,-0.04082947813435589,-0.027964817000666848
693,0.09898438117171006,0.1702431098017277,0.021571424208017276,0.0382698604862981,0.0432686454006175,-0.04979342592994688,0.03772178187566083,0.08394632080332753,-0.004901520327252588,0.1108016228943639,0.03258827664559688,0.06266303379149485,0.040746575630377126,-0.06825645431013165,0.11886054898076566,0.08015573978178842,0.025479800392792518,0.08346770402544884,0.040181925224228365,0.0268112955585329,0.12384362280812979,0.009668395662751498,-0.0009633142961697483,-0.09083931784022913,0.05355256019430893,0.027492550060751464
694,0.055064506816873394,0.08641363914247642,0.1262165652829518,-0.01052454791434641,0.019362190715156102,0.08116859551635085,0.018142697447054913,0.06007045129291807,0.08950672258321396,0.05952193966534619,-0.06239953316391139,-0.056285334554914246,0.06564759575104086,-0.03706736159630033,-0.0021790450959133048,0.0545543149511221,0.03262722966439824,0.08265616587836956,0.04341998456977545,0.025504099125005102,0.06738396628926512,0.034731251497266434,-0.05438001090916841,0.07562187020103416,-0.06719342541338108,0.11321645560284892
695,0.057531968258641375,-0.035147730057257166,0.075416944775497,0.058305810249853395,0.007155892221592464,-0.017218610197309046,-0.10649098150243343,0.052284372852483905,0.008101281751550966,0.0460524762849139,0.033640983260427304,0.024561925739664387,0.05365684393148373,0.04059824507844734,-0.006277764114235103,0.19268983888950655,0.06087383635609226,0.10167329095015946,0.1634551353594623,-0.010214746532674604,0.14283922136774918,0.08736749611630105,0.05767901013973239,0.08125254446857078,-0.0008324929077704688,-0.06541789118139102
696,0.12277528919194423,0.07428668092187352,-0.01903765731491382,0.10464979700682257,-0.08836114940130006,0.16813384716477384,0.11859440952093185,0.020499745338360003,0.02850353157592193,0.12550273122013678,-0.013921758137917056,-0.015084680814705412,0.010998783133488788,0.08396979664752306,0.004518182703358983,0.05953773060628513,0.0948070661668073,0.0010164046147517758,0.08467864768207888,0.0921167300519669,0.00022718823531362852,0.017411043751621835,-0.11621943984293054,0.04685384937981394,-0.037162017296843576,0.05783129640395616
697,-0.004557775705260633,0.15329373651101633,0.04085536326362651,0.003111391721476601,0.018243873463527828,0.06314998687425162,0.05852114284100216,0.06635068194334537,0.08152226456351928,0.03804380412292041,0.09017458280077828,0.08584179737986579,0.0583356373770985,0.03660128199912031,0.07412581615885422,0.021069445734673065,0.06570128676036342,0.009303738697348074,-0.003827674391203517,0.07898460192585044,0.09150805460639296,-0.0003945254058607315,0.0010986230900097236,0.022348031161885808,-0.050071679297132264,-0.061547298196182876
698,0.04569362332336576,0.0985686926115578,-0.02537126786370164,-0.04621848016754578,0.12549833952868333,0.050704835767716526,-0.0070680550891452825,0.14061859480686542,0.03592800073815964,0.0005579774030070967,0.01520933685628012,0.05277737663011467,0.05837509030817397,0.020141877175398115,0.09831499549677813,0.05802471831111622,0.0495916544335824,-0.033727247812147754,0.01402876885342678,0.07993725488372126,-0.02989433732453043,-0.010091876746779471,0.11606354487398125,0.005036051203420636,0.11398675056651741,-0.06830959578602501
699,0.009071639795299938,0.11155473847886228,-0.033023080570197615,-0.04596872935018592,0.0823981845318944,-0.026810656841907587,0.08837574183661757,-0.003066818497343138,-0.0252553066234301,0.07465118067550658,-0.02554199545196345,-0.09635374142612009,0.05271571831732599,0.033942552903346766,0.10980572509442922,0.01611073901692465,0.0369126669546466,0.060932194062673174,0.04718856037317724,-0.006645215622053539,0.03614434001522019,0.09456828855649745,-0.09735234320728292,0.09513900142772098,0.004891690455833042,0.024788728976333795
700,0.03371038213319383,-0.018836197778098196,0.05760187588611656,0.09184386838410412,0.00679478417456956,-0.09584109666190466,0.0056056969676438655,-0.005592829094740126,0.01163008520655547,0.06102650197462174,0.041352163301842625,-0.030324977276036186,0.08520300155252529,0.01039806596036208,0.08204800776260467,0.05275599544111235,-0.07641682898158021,0.040899279799024635,0.13582159794915602,0.03411964192980329,0.015782428118845154,0.009704867491418284,-0.051501604357827115,0.05841581778463497,0.05115986727942553,0.11935674697896187
701,0.08390500497078894,-0.012791880063317662,-0.08453918238589493,0.0037099112306999502,0.09665620619954318,0.0770897870970267,-0.020423844737854097,0.11222932666740737,0.05522890985282861,0.11017372868068598,0.015019010645512698,0.03844960198405217,0.08367760086718251,-0.0035740312878177285,-0.05442166350578781,0.11665877179616813,0.06278312227454387,0.03662441245515148,0.14330906966259,0.002570352460165978,0.04417960291348547,-0.03472083081704944,0.07448340558991488,0.047019663230803276,-0.015998380895603053,0.011072721707224287
702,0.035670627062293236,0.09449960260387304,0.09485025899202786,0.10340037510125273,0.05661006008795455,0.0191751349653048,0.08490062642244393,0.07180922687183432,0.014085282196766044,0.08052076729243357,0.06646600098794853,-0.006696665524961676,0.15539684123310052,0.03378735381272009,0.01209908878485085,0.01905525827632687,0.0353104791382145,0.013747902093174797,0.05008505982625718,-0.0040827449496200026,0.08384454918340034,0.059673803072960885,0.06293324011600054,-0.039472646526523304,-0.014332693784919082,0.01749075997355979
703,0.10291501518775636,0.10969076162266399,0.045945223116081846,0.04323302432070549,0.04206705608667065,-0.038449715268744876,-0.031837563416636315,0.11281128117344842,0.08126216395037626,0.0193066772225578,-0.08359109690295169,0.003239607641013627,0.03137110242331207,-0.09465795946612891,0.07865613316322184,0.13544979200647286,0.02662666660757109,0.1396514858772539,0.04544092387615276,0.008313928557387811,0.08493549890233176,0.1817964749095882,0.07600720148222123,0.04243829270308064,-0.006060993628449455,0.08050506493234084
704,0.10059804726864711,0.1294601186645752,0.07249758255997701,-0.031972887094350734,0.0023645918058039133,0.020842459901079247,0.029511247494970694,0.022229935152651183,0.009727597903062324,0.098785657483767,0.12135410551345409,-0.06915910588163145,0.14063350647501363,0.046183340028900545,-0.05580424503274615,0.0659811234503096,-0.007032044249462688,0.09465320084919147,0.1412546075782235,0.014670723001677636,0.15994895633576148,0.0870293973352549,-0.01363623207881226,0.06410627040976823,0.05669132046540533,-0.04606143865786938
705,0.02274353501137742,0.07253550084902287,0.043370652007723186,-0.01140881057560848,-0.004015516887732162,-0.02697099534264258,-0.007037534766647109,0.080091552703423,0.05362378293118034,0.015413151855727078,0.07827025425299255,0.08071527290677398,0.023829140165842293,0.036212483903666756,0.03112810900145389,0.01047729579607413,0.07359140677759207,0.04458590873482288,0.11058883735477841,0.0845617431080478,0.02777331400543226,0.06811285317048926,0.01780362487745346,0.11880326651960739,-0.08674761706762424,0.026971840036393635
706,0.030591721743034817,0.02479486149956763,-0.028605925182079238,-0.005154590879491845,0.09951291651647837,0.00028419658101730416,0.10938857133103393,0.12073970097058677,-0.023751238611672793,-0.010986184925819301,0.046949150069352207,0.0002477077865104902,0.015668968498655105,0.11396614828221983,0.029605885445426527,0.12028974311169811,0.020712746035155882,0.12812130321309537,-0.029241212670738093,0.1046079637878592,0.024276512522993638,-0.03310137537521126,0.06175954745783413,0.005094886607168983,-0.026616504238632155,0.00512296168029606
707,0.010440720533304878,-0.049433784040304296,0.004115249632439107,-0.015373987223702906,-0.008110494232384432,0.07715366293717217,0.11466545710373517,0.11753287187522239,0.0807446797697383,0.0638116804682448,0.027293256636724217,-0.11092269583372948,0.05522032355805506,0.09675643734779109,0.06665276575345969,-0.056193000697785433,-0.07313571371299804,0.02274080700158524,0.11395773320271245,-0.050284248408607346,0.14350284334573718,0.06661521857976105,0.014199554165206851,0.04370292686400529,-0.01553444553990167,0.056412696891373904
708,0.06631185558968171,0.052010140093120306,0.04052484472939407,0.0773986848907433,0.10925383121125304,0.0991566056201613,0.028158868333222325,0.08049798140786041,0.0909464419692288,0.0005801284062973422,0.003919618505113465,0.0342435917608823,0.042531024489460466,0.05806740756915357,0.06109797819818126,-0.0021790007996845464,0.05530061477383726,0.1064719782696298,0.036625665149040684,0.027600087139933543,-0.03823034595621142,-0.007351910915769921,0.08315226420187272,0.0681420250664994,0.07937599516154521,0.0782624985150968
709,0.06798926662654835,0.009297722353283373,0.10133517332722235,0.02939553067534162,0.08135314370265477,-0.01539348197733113,-0.016466399406278386,0.11978244251659516,0.003914274807503282,0.013816493932567028,0.03427916481583358,-0.037508568435836276,0.0425281580611823,0.0709767026765215,-0.02899551930103933,0.10444860642344371,0.07336202464201504,0.04793778512586726,0.010539919667402326,0.09892107220775766,0.12524183552944576,-0.02271710654829164,0.027361865298481836,0.002266011324836429,0.03342310568671897,0.024340336391127794
710,0.062020134784939285,0.10474668902758216,0.11619480043354773,0.026431868787540058,0.10027165916250026,-0.002927820308543901,0.09197845304328696,0.14534946569486382,0.08123787326862152,0.08944422689451002,0.03529646324334044,0.02591326681746801,0.0419835114884598,0.030189115903294907,0.1079688021651492,0.17753612078660277,0.020095450505272262,0.07555607269788807,0.04950766606105912,-0.00026723574698247116,0.07555389025711941,-0.029756052683106753,0.018147415001500154,0.07183186142332885,0.10523214504221912,0.05997461130460755
711,0.025414200751563826,0.12875486689381832,0.13046864375514042,0.0009848022298948322,0.006933200654873092,0.07557717480869654,-0.02811122892491591,0.029985149840955516,0.03744873675927248,-0.01545302271646709,0.05271500542452882,0.05349045722971687,0.08749587105797345,0.003932792025944543,0.01703119862619399,0.12842665376660775,-0.051224666233546455,0.10322725655101883,0.06928424156216424,0.07578256602128725,0.05508396386398503,0.15664244334154234,-0.005623598031312886,0.010767211875519692,-0.029178982608362714,-0.024858220347513837
712,0.012645155701137575,-0.022046934749029225,0.05783818991663257,-0.0007929719933687331,0.09443979739455848,0.06804412780506437,0.09075369386057479,0.10291859470577096,0.03051712434211503,0.00865545980366722,-0.01523246833719231,0.05956082268025561,0.024845509152980803,0.007889228855367858,0.039682928396044925,0.0910299583382973,0.059435686642690166,0.0308106859576975,0.011098587428370221,0.07085654547544436,0.012519711100684689,0.03842368648776325,-0.01777575183358463,0.08605782169709826,-0.030997868443838728,-0.024830094308415946
713,0.047056534789398786,0.03862943012891373,0.01016854946904,0.07756622525096406,0.028669142041446015,0.0010809311161971884,0.03113448027757957,0.059359052992720304,-0.07077421561083751,0.05430234334035039,0.12344709318083034,0.03412953419959108,0.01608503085420913,0.023953363628233287,0.05455178565738226,0.07760086179079274,0.09059065670097273,-0.006546009637364347,0.11569694435642484,0.028886154224880424,0.009485118387332384,-0.026154888363947176,-0.014960025999683583,0.042545083350113644,0.018466012069354464,-0.014332313794993575
714,0.0338104026758518,0.14475723795313714,0.07486412503399631,0.08937763462484805,-0.03885239794618719,0.03216278034600528,0.04670411751049378,0.033083699426415134,0.105559939188459,0.11642480379023913,0.036846332076192666,-0.059598581846948794,0.07938329440216185,0.0661228086217618,0.1506622713980553,0.05500195160398963,-0.04404544729075949,0.12690841343411555,0.11175788258924951,0.020794081408090897,0.017084312458675144,0.10977185155445301,-0.02863098771268724,0.009992407189689578,-0.044870721845983265,0.03215515967562649
715,0.04398906758454686,0.05921156251214075,0.10224984553608742,-0.07134605555899558,0.07598735062099717,0.11715292555132749,0.07979925165936329,0.043202180799136736,0.04284823026703494,0.08002168594181602,0.033899083023416286,-0.03309304051250356,0.12681030429718224,0.02645064286923286,-0.05645508977778361,0.08469198472825197,0.10756415287794167,0.07625744844354491,0.012470030911963673,-0.0031769284008418275,0.09718949076465523,-0.0017549733222052,-0.007923381477534908,0.05391277028707183,0.03736624004057339,0.021500826265513417
716,-0.028011218983585717,-0.008765065587538165,0.027336233840976037,-0.048956410831591024,0.08839983411109666,-0.06897873439885553,0.048038112232315765,0.05239579326457929,0.06018975694901167,0.04287630351112668,0.0469343574277414,0.04165084389569009,0.039587526872165525,0.029761244626825646,-0.0026518547333930585,0.004796107591731287,0.008279971976377106,-0.02210529009005313,0.09223149187337136,0.1973518755711304,0.11786509922608428,0.048328664274684,-0.031994992740161134,0.07199382328690514,0.032117151747643756,-0.04768183593681228
717,0.09385595520357337,0.07203892236076208,0.07593921237765967,0.017498025018051828,-0.02714439312120731,0.07764612447264442,0.01636595695366096,0.07704962592185068,0.016485631223117338,0.11809883862534593,0.10022194066363521,-0.00546314940090816,0.10791747510065226,0.06108738812951361,0.017904124445428344,0.1386262510117344,0.06426067291061503,0.03596103194173167,0.12064407841952789,0.05703774238051588,0.02573904911552342,-0.1106388732306336,-0.007648737516660435,-0.009163356107448025,0.0008307116805308934,0.0027006527396351947
718,0.048315489323630556,0.020503962770663835,0.1280471518121322,-0.035206745973619204,0.07190561840650088,0.06676776383285886,0.067939845593901,0.012409386786507567,0.0664440514411806,0.004762970671429963,0.025373003924969145,-0.07908566963843909,0.05589881791056173,0.05816030235998323,0.024697865530889058,0.12988163039284037,0.08766413883349067,-0.0674618817013497,0.036730054779954634,0.09954975998118566,0.22262793980772264,0.0861772036361928,0.028156575504440805,0.10460840281019639,0.01678392251618403,0.09594309695297017
719,-0.0020708411651138756,0.0753041347367084,0.10482233905997262,0.07775714476249813,-0.019238551159660073,-0.07499365143413428,-0.05367072716373975,0.06140283786307138,0.02217431580865305,0.036397255875605106,0.07078613235591848,0.03863813861981128,0.051063535610848,0.0899503811005853,0.06607990704778217,0.049317748775051684,-0.00565840629903321,0.0626172449845297,0.08283862541150393,0.115083950349864,0.1012772360223958,0.05063950051351216,0.04617237492716845,-0.04893307870895924,0.04765711450770608,0.09562144603816064
720,0.06293115455374672,0.09874632017063117,0.09037249005602281,0.08049045871055797,0.12377841864238358,0.049254057291347575,0.09163558406638213,0.08195849916414062,0.06316857376518305,0.04538613223158389,0.055503368822122055,0.019469952916932837,0.08701572264758761,0.11060657315521821,0.018892116149132554,0.040524312615524416,0.09590981238485996,0.006499068586308091,-0.0037982281392138955,0.07816454497663122,-0.05187676865435956,-0.04123475001509539,0.045722817726098874,0.0283114612188121,0.10595826151516109,0.08918131360941017
721,0.037793560117139545,0.04003294973542167,0.018156387868724755,-0.033651184666436074,0.10529187557953336,0.024046534896565608,0.060268954989793046,0.1301681200515724,0.11846743223155796,0.07621849310037461,0.11131191645776552,-0.08188753493789958,0.07347707678047229,0.05598338148688927,0.10418236637003304,0.02003742402121637,0.007592380605367766,-0.03444402305703598,0.05804426987111102,0.05649973488202065,0.06404823492817124,0.15732238747445576,-0.04759214269192752,0.03936999979613635,0.0515428869525264,-0.009305611950380247
722,0.05335185926818705,0.027636869626645355,0.052425365093801204,0.04885378720928526,0.08871892749838976,0.06369524942123472,0.08478517021458572,0.10623045306066493,0.046755846685823686,0.03698733767970854,0.07347103182263488,-0.013502314108271074,-0.059414401784776395,0.070268272727854,-0.006527625735896178,-0.023310535660575966,-0.06725016986831696,-0.01698560768996297,0.003216873730150449,-0.013014263114708786,-0.000892877634946573,0.03317407973568837,-0.0245936983162649,0.053314750235024945,0.07467321264738308,0.13980496005163215
723,0.09734624135303693,0.034949655664670266,0.012608208011317365,0.08844790037404321,-0.006620169284865159,0.01150834702365037,0.10144067868259772,0.054909909805582656,-0.001545348914685089,0.04707369024674831,0.05645447490832073,0.052162071187575355,0.04235013603753385,0.051784239230555085,0.05529831308201431,0.04658216585473034,0.06553759395296666,0.11957348032347903,0.05390077501830187,0.15529627156552114,0.04888272633467535,0.054825245014660684,-0.003972477364657371,0.14440051586781844,0.01452900778125545,-0.0060547516283460485
724,0.09263511687907063,0.017330551304165647,0.022899890218335682,0.06923919471723354,0.0021580317137204394,0.035041952458646906,0.07670479717530637,0.04744156790447934,0.07386070533056732,0.14409734977188746,0.1024299942127432,0.08280644224406909,0.016689788691195695,0.05672619782632639,-0.04591259563807437,0.08678796542981453,0.06469877844068965,0.03460632494176267,0.067860732074936,0.05769389843810243,0.0824428415244014,-0.09851761387104306,0.02904576514675028,-0.04710494522549067,0.05755391773971038,-0.004054561217603891
725,0.03519524247211283,-0.062387399710392644,0.043058114501063116,0.06495058598539026,0.05518199307174717,-0.07702469631222793,0.04358243199178704,-0.030505016941827723,0.09297771730677412,0.1206652293346767,-0.011110057537169335,-0.009496824620781052,0.05684773594201108,0.0012778148088126904,0.09887795527273115,0.03277034774278923,-0.0332645610822593,0.035681417265584714,-0.026466872444281364,-0.026267425735504207,0.06844778292326233,0.016745174398280088,0.0011413477777939551,-0.009199438069641352,0.09462122166001637,-0.06273929337423378
726,0.11721580019389703,0.04094390790884692,0.10792070563984237,0.09150921723558887,0.07855025184218344,0.005012724998081808,0.15479609428893504,0.021536002683616867,0.015929194602936736,0.11437010644610283,-0.09754884218755955,0.044046004424721175,0.033850069360483626,-0.02133733332171306,0.1391507993682238,0.016054403804216334,0.0374511069793809,0.041633112749315714,0.0384612815710935,0.0999521661152648,0.15816155715175165,0.05572634396938867,-0.0076977911618089645,0.11389949779280306,0.0014708314958412072,0.085301837318203
727,-0.019924623377721162,0.05021245835662158,0.07066775495805638,-0.029617965872131446,0.12829583516436915,0.00033930951551719435,0.07368821015182797,0.04106105478142804,0.04728468644726989,0.08303690929075407,0.006088094462159613,0.031679485936277584,0.09644878840818098,0.05772940147128186,0.037313155367584935,0.10179810970464005,0.04817714684932758,0.1398009406050431,0.07929411463541886,0.018793762897228748,0.05867302337536782,0.04433781160931388,0.03404274377773829,-0.04191400163806926,-0.008409906258678324,-0.00868349275863308
728,0.046432953214861815,0.0502832322479464,0.09628033242340629,0.07281391887021012,-0.08312662474916623,-0.0374369243447211,0.05894410605876155,0.08696203387634331,0.06930803653235983,0.19088750515973105,0.046747102596821966,-0.038710739240381174,-0.001245461279469784,-0.005276279666327766,0.09136544497106541,0.05748456056284841,-0.02145684559630893,0.07730934876465334,0.0974753503933133,0.06764835101930446,-0.0028254189234781326,0.04778419403934235,0.06517558145484437,0.06911067805995957,0.02240796829624116,-0.0733021692514666
729,0.11517141693720666,0.1559868832957518,0.022409320409359872,0.08235980749671451,0.05121085351169582,0.067462667931882,0.006258598341083258,0.059899867550444255,0.05307257253819966,0.04294272195011756,0.0009426834371774233,0.036105981823238806,0.02676405084405592,0.02556785174607268,-0.049449327109213494,0.034157489001638286,0.11640889836823388,0.07223691760073851,0.08508144912945655,0.0477910372307929,0.013022439083436163,-0.041673874119950806,-0.0199402439511757,0.04026271977337157,-0.009004965695165418,-0.0009805524886523274
730,0.10074884487890025,0.05246526791809547,0.07809345211925948,0.05341077239920514,0.05475988064218877,0.016252450447335403,0.07464423860840451,0.12788471225499512,-0.05388573944834718,0.039162562257030874,0.03097103624727493,0.06831985525756402,0.05549760652017729,0.11295105868232024,0.17930330570458666,0.10209980199771011,0.13125850036609318,0.06651857722757504,0.05660769635699453,-0.01821693001195142,0.02556499643878733,0.06727847529105631,-0.0032716234223228446,-0.08356966733181798,0.11058376416743361,0.026446819372183645
731,0.05921781398551895,0.05693259906876341,0.018556410227732613,-0.057982639589963914,0.01047326121215919,0.04422807362526737,0.0735936270351034,-0.034791042870762734,0.035970680041992706,0.05918248256157501,0.09616629005234319,0.07798200387523557,-0.0013488612300084726,-0.03831641313263704,0.06605876976462523,0.007017798950120039,0.10501396568532388,0.06433598208786773,0.039978267254484647,-0.007908225729148807,0.024811412227597657,0.048228878843039245,0.04252353349185052,0.02407184698590783,-0.006889532705590969,0.05109616061847646
732,-0.06995239788290207,0.012879990609464376,0.05033123980372287,0.062244779677245045,0.00399566626178538,-0.03645581228521592,0.018054298129297874,0.11408868940186127,0.041580393281099304,0.0879765673164596,0.13481725076834453,-0.02916897014765994,0.07228201390410523,0.04697648937879049,0.04389581890252516,0.08182435270076027,-0.04826168581085669,0.12478746029398007,0.07484743248385628,0.04423972694296383,0.025545534553189937,0.06875404362585659,0.009580176943056832,-0.08004393751778778,-0.025396929093044068,-0.07104041442901586
733,0.044670421536039506,0.116899968478916,0.024217774523677515,0.02989078044653609,-0.16700150999747249,-0.0712453589909336,0.06555827191299358,0.01182310080721786,-0.008574823840527546,0.08848585306189845,0.03947136809319964,-0.01672988212224073,0.018081732379925497,0.0221168175709735,0.09227306662813113,0.09111631866144705,0.04384522937870685,0.12663845672637608,0.025001412882119135,0.11210274937345265,0.012822783921256187,0.11604580111609485,-0.008060947368439746,0.027547045899187328,-0.04668052282730567,0.11235954346557465
734,0.07545741779129438,0.03945444053594425,-0.023018842523330935,-0.12868320824683502,0.04740044028619813,-0.10870316430851797,-0.04649802140227548,-0.021621541920288662,0.05415999051819796,-0.061484092359183305,0.009091960410274231,-0.04032528681242655,0.04784313666678326,0.0142323416182219,0.03690024335017017,0.01416597363857695,0.0724607350727051,0.11798998245176595,0.0418586116552103,0.030009469184949622,0.056726828932865105,0.1850173717081161,-0.032390925051326756,0.04967740427519046,0.09908971756895975,0.06952923688979078
735,0.025452949636513955,-0.06619667898341293,0.024825751591780815,0.028590410997061222,-0.002039180511016739,-0.04509479378026807,0.051450182752164786,0.07985473778896297,0.10154260932938276,0.09174865667350661,0.007586283220794817,0.10004704403105237,0.015942292236316713,0.07422745807310405,0.07869510756674826,-0.004060590488130197,0.05977152054610605,-0.006251736083298135,-0.006996103862921858,0.14582090316445365,0.07069715401641602,0.02354489469176555,-0.07316878608543331,0.01060647023424007,-0.051441160844735045,-0.03811811022477748
736,-0.02979110446123312,0.07658503121355172,0.06485988319167371,0.053687120127720776,0.08366281008055336,0.0067352123628361404,-0.0434633296902438,0.05210069147185283,-0.030748901123660466,0.04186362146868272,0.1274796818420425,-0.09998983026295777,0.03608501445431641,0.07716154724770406,0.01596886807586519,-0.015026649867788861,0.07847790009048389,0.09821831415903391,0.04958739821869318,0.21404655308189904,0.13511069633661685,0.011179647476935912,0.06905686426171496,-0.06031653305141307,0.02344894093827421,0.1282913874451874
737,0.029634068496120693,0.05163393809400483,0.08501100639246682,0.05445860419155948,-0.012312067984620423,0.08125006418530656,0.13696922764874117,-0.04333890333853104,0.008735895248654016,0.06978597834749561,0.07087791359761982,0.07976165371700167,0.07843748953399687,0.12340902428139154,0.13874838826640734,0.04413102194384133,0.1684687342497371,0.011263803240162759,0.057168565041630426,0.1103510392960974,0.05790322654065964,0.05827077189476756,-0.02619452307731614,0.07359950806926137,0.042960993779200485,0.05180415381250997
738,0.017168216143932564,0.048945547499024966,0.026615697521116623,0.12136326677728321,-0.0009601763558739762,0.016794188601165494,-0.13991756645180178,0.10813925216991453,0.008699904802392206,0.04861087252214036,0.002348097830290219,0.0766538616466265,0.044187546563382175,0.012781222780409312,0.05330939969728121,0.13604288205502382,0.025902739975579403,0.04624788198725871,-0.023261459412272072,0.12178298759150703,0.05970228374295742,-0.010251706522149923,0.029789019877359102,-0.03884396414224115,0.08300029477664313,0.027514595793327858
739,-0.013073217527482289,0.06432333882041887,0.10225573589210003,0.003847607235563747,0.09513873647142333,0.03877140841751059,-0.01859462243613147,-0.0028084040334574265,0.03338735014669075,0.034118215217937765,0.03997564415799726,-0.07145684601897122,0.08674064100010466,0.011914800379263235,0.12332878716803464,0.06135042751992661,0.03639415613088035,0.14618731555468475,-0.0021580984752051684,0.07291562030540183,0.11046336618556428,-0.006116209027459074,0.013042322917070082,0.043399525181313514,0.00035586450061606857,0.018847242649141803
740,0.03579999632659762,0.07143136641016017,0.06597125881926612,0.1102025944435605,-0.002036042678229358,0.07322970198116824,0.12641874836495537,0.004484970892052964,-0.06057006779387897,-0.03925216163911743,-0.014648595667376751,0.11353102357704059,0.08604594897827018,-0.007918988331824067,-0.010711158038062977,0.04752762629758811,0.0037087414566605217,0.04377010131389303,0.04249422806022111,0.04207981837493909,0.07272158180426136,-0.06116594699010016,-0.00970938558398221,0.024239339647324866,0.06490211189230151,0.05802355099962144
741,-0.006659272288687216,0.012760782285218727,0.07448187727579836,-0.030031596934189258,0.04061571835282318,0.04430964535870555,-0.034318817877732756,0.10118553228503453,-0.006013188768051773,0.09228628928162397,0.043084003738797484,0.06244031022651575,0.06827629382348649,0.0541703163695767,0.0031636700523971313,0.1470207318404885,-0.017316695047147,0.06433224123646393,0.05639350540286422,0.0340765011932305,0.043016922607716446,0.0768740366984415,0.01970612847450246,0.10612831845561987,0.05788389491371321,0.039673046520186904
742,-0.04964569203297586,0.08836145959865103,0.13249473353480246,-0.0480269379187905,0.03120588404524338,0.04863891655876994,0.03570323756967161,0.10247095296238906,-0.10583842977868792,-0.011702172944535646,-0.028011577231718432,0.03875291063479982,0.05637799821563846,0.14372772903998668,0.12653337433860098,0.046913587326787985,0.15932561395912334,0.040988177410289726,0.11936574838891756,0.042049492936063616,0.11282152569107833,0.04164092326517532,0.00023092819062583026,-0.01392465772058632,-0.04032939694965983,0.05975064389165184
743,0.026476177970200427,0.06364074811049762,0.08502327055499663,-0.0199689279689275,0.04365054277727617,-0.07064549258811437,0.05350786486701653,0.0316806538222992,-0.022907268676623682,0.045525529357960115,0.011137868190859934,-0.015600992372085712,0.038496852084872635,0.0035416620019194283,0.03206940013922288,0.12949624024256276,0.06866334495181202,-0.02476770220874421,0.08779877906336708,0.043376529299277156,-0.00511201399585709,0.02354258010758285,0.007839230167222358,0.004324676597018887,0.018418743149118122,0.06808672436106851
744,0.01042502608578135,0.09952625765904453,0.03407142215756757,0.09710483663340828,0.05593733577130414,-0.004390721180450474,0.09231149304034887,-0.07962745833746744,-0.02483658131989604,0.023413697578604693,-0.006508667303220898,-0.023996291134626445,-0.07570895742639887,0.033070305265742804,-0.005557211540278273,0.06641484116899928,0.012429823257534908,0.0370898711238723,-0.04497313470074458,0.09869414942982709,0.04156214429362017,-0.04093945677288021,-0.12187669708277805,0.07628136788108841,-0.008571348203043208,-0.030383791913126606
745,0.07095870151740737,-0.06087655848902999,0.057076463886874304,-0.019059200159159368,-0.010803254358651909,-0.0502874027437182,0.013622713426303851,0.14358139602645273,-0.058278550688549334,-0.002468096425019717,-0.01718632474571593,0.08744929748040287,-0.05348743507425918,0.057872979407334504,0.004582916438292043,0.04670493400031591,0.1518466653971419,0.017911122025152954,0.028731555219820702,-0.045695053802382514,0.12167797640571026,0.06697382394620584,0.058603531920175755,0.0671344903944563,0.059998076290232384,-0.027914264567902802
746,-0.007865323725536185,0.09522564711083313,0.12498391375882427,0.055843710645207066,0.011203102972215384,-0.03433176762780447,-0.024151352202353076,0.018854152455910413,-0.005664043985073215,0.05728112873419868,-0.020235023444214816,-0.04029657467042569,0.04780075576118653,0.23328901238760702,0.036605608597899894,0.06995650769412574,0.04645217620496075,0.11292108613683345,0.013529827071969461,0.06560706267895637,0.09334569555310064,0.03242153612454982,0.034344538186804385,0.1132158974107242,0.02788282007385732,-0.023278622230439583
747,0.03762641723874397,0.0980066906658552,0.011846559713354613,0.11568453741978342,-0.0030389605064365757,0.016455109021350833,0.011760718747062748,0.12482483080387952,-0.02907983785482991,0.08588401194346619,0.038342968880903494,0.11973228561550615,0.029837324688148887,0.02839094924885986,-0.017175923227234748,0.07908421326581323,0.023453826020944053,0.09000071050985865,0.0027254681760557897,0.12555185332751445,0.17319291266840028,0.04060780821838759,0.06411759127797777,0.003317100811571531,0.03575583562049446,0.013889584997495633
748,0.09075819781788126,0.12990748380924552,-0.01696290730122252,0.043743378447076486,0.015338121972975757,0.18349259773336288,0.04464133540844047,0.06231586896025709,0.07616738054289567,0.04097821206082197,0.030005869230404842,-0.03745005337267907,0.013435981188742636,0.13643132032002228,0.08730252136711346,0.10647567868936732,-0.04043468615546316,-0.01495205667991221,0.017995823750122708,0.1343856359447386,0.04392840273405848,0.08186996467122698,0.06677707604113321,0.04745756253843534,0.035912380891538975,0.01582155828314265
749,0.06674775031278808,0.0021462274794586582,0.0738857526137826,0.11353401677290119,-0.05876343766652914,0.06268764056547156,0.11402199389831523,-0.03583147613675234,0.021393205742679073,0.008122339995094615,-0.025112794808391292,0.06597008956847372,0.058552593480543445,-0.004845827008936006,0.025875048130460782,0.010456552516406536,0.04224336261510212,0.1388701113166765,0.0780779772012332,-0.0030483982849964786,0.0713619300407996,0.09444400717817326,0.04689320356077924,0.030336476295726316,0.09660258211334817,0.09273673985154085
750,-0.016476743354925143,0.060839990321682046,0.05945844125375686,-0.009293505219289067,0.0296559086205892,0.0211166459815952,-0.05600933470471425,0.08684088969756852,0.020709142154813526,0.11057706649741783,-0.01695271949846287,-0.03542017956768204,0.06360312640069438,0.04420646984251149,0.06152975249583133,0.004162712400335333,0.04140153405163053,0.10749263824998656,0.0727846211327235,0.15420697936479144,0.03409706710555573,-0.04914628127667314,0.018098061650571373,-0.06432803194418428,0.013711785829941498,0.08862472505428844
751,0.05236342746572927,0.01414888061737766,0.05358011596703456,-0.030058021104573507,0.12518875646097918,0.0794654585147741,0.11434583852494208,0.1048838000363478,-0.014000806172996205,0.10954565123675171,0.05318348935709344,0.005586979011799461,0.017093840938501158,-0.025812931234821163,0.079256037214449,0.062457121749005154,0.024027159402517838,0.08867447258896814,0.018109130772515487,0.061111370596975134,0.03660196404914343,0.03830575856478772,-0.06139875259722773,0.015528192423825379,-0.04149485052803827,-0.05903911755471464
752,0.06076988536094465,0.0018000121407627896,0.10005337808023368,0.045579456684959295,0.0001383427956014871,0.10804570878730098,-0.06920012780925262,-0.01811762219251541,0.14637900658428263,0.025393986836202736,-0.015086751959079197,-0.0549835195356456,0.12061027549500071,0.04023012499556964,0.05897435531677917,0.12206054901427948,0.07926256868578234,0.03473522350007874,0.10443846453496593,0.07158317737773068,0.10218511690378075,0.009051751369909619,-0.08920955163016164,0.027823104090632732,0.05739207531125745,0.0635479194713291
753,0.009246103958384025,0.06389509860283943,0.05604847137377909,-0.006902556937609883,0.0135600706764795,0.08681750005179438,0.07340785788952893,-0.018057792812152473,-0.019844983994337984,-0.10275788178704574,-0.029359250540817967,0.11085027965307337,0.03884233214332864,0.006862671830915046,0.050437250147623534,0.03192796554129076,0.014114493006862017,-0.005505191476352644,0.09578653420620638,0.17223724544322694,0.06925998043846564,0.03281703059104522,0.0081887845738108,0.06362049309347458,0.04549240453175444,0.03803811105272951
754,0.038033220640024325,-0.01485265669765638,0.012852207737455528,0.029650547339724703,0.03350735161052598,-0.012371894569561448,0.01423053177419407,0.09932195458834303,0.0005445708584459847,-0.006426746840185776,-0.12074691024736868,0.075540138935392,0.023994817192570572,0.05227574984032925,0.08306601036600157,0.05833766166685158,-0.01699124494890336,-0.024305789935565796,-0.038667461985655925,0.07077041166282759,0.09448621368656561,0.06734362421965327,0.07667924720615406,-0.060641770980244036,-0.046087377394839535,0.014516307370404638
755,0.0696590525486067,0.10720485662093765,0.08292764921630885,0.033524255534203296,0.12042635872614094,0.06958994416437958,0.07693188831311015,0.0705851706643717,0.070593433189349,-0.005529761077418685,0.023092852188020763,-0.08844427313231734,0.03651063674586286,-0.004671334524410894,0.05788543980663865,0.09556694470469422,0.04989337742503286,0.008336906340752237,0.11273609394908413,-0.0014511945351806481,0.008988370631361209,0.023548054256413375,-0.10818413337528814,0.013004036142428085,0.08914294853733583,-0.007388619988378697
756,0.02005046250909352,0.08332946956008973,0.11621830041159603,-0.029736824720041244,0.07171300428377259,0.0022575080973010198,0.06068204217466294,0.04872584932582623,0.041107583995198725,0.01653043221870141,-0.0013374610119715928,0.04502659577179189,0.11302422306421041,0.016588089728319506,0.0689497356556076,0.11057198051962534,0.10046594411250119,0.15969440431374926,0.07998861647189255,0.00641807485029755,0.043908654342158605,0.03408932744390066,-0.040886919085022955,0.06028374791348873,-0.07747338122025653,0.07717693843290245
757,0.011084475841021086,0.039118642194822126,-0.0161106404665677,0.1268740363103665,-0.03278461956269735,0.014858195347292696,0.022792351991676268,-0.01637453082762643,-0.016067590945468207,-0.07034252520647118,0.0925910095779517,-0.005090025271900093,-0.004973436746540641,0.05573149571184879,0.027314686958936553,0.006788937824975158,0.11545458310933299,0.10995285356536655,-0.07091282861529498,0.11199077543924053,-0.030589074520029586,0.035903627526279035,-0.045654290268685005,0.07011711449089424,-0.02866175614073781,0.0747074845592965
758,-0.005794032198029578,0.01647204243585056,0.06383800360649888,0.04171073754665235,0.01544606101531946,0.048699073739149036,0.008262072295258438,0.07207694393772894,0.10357862287430751,0.04757199256357266,0.03666618763089763,-0.04118539254158308,0.061257805579810067,-0.03205707454065628,0.002992310413012844,0.062425145573096086,-0.0038463137548883455,0.08666160990711114,0.02281432539653292,0.02472310958391799,0.008931984871937323,-0.11170802919205451,0.0017490087861617432,-0.020809789894048192,0.004302146732777716,0.06002538019322686
759,0.11603005031891471,0.08856820403199926,0.01915676594288655,0.07868364913567165,0.059511326622905904,0.016975979444416846,0.006831989333231592,-0.023607007157909976,0.019019391969389177,0.07085427438537016,0.0021879062370718794,0.010162540487192081,0.038736694598410205,-0.08917387606068955,-0.05363068389589646,0.05367606683268115,0.018953432960819527,0.12852572564926704,0.07579899286068915,0.009444519669961848,0.06640459653047091,-0.029923562696834233,0.008422535350842439,-0.04883526334908835,0.007106733688005314,0.06630679875803665
760,0.06815271046410333,0.04382930237230346,0.01341509028187706,0.0496748656368449,0.0014277559984361976,0.032494201758430985,-0.10153117759861295,0.05831592235426545,0.07291922989172432,0.04228238073570967,0.04984151997059664,-0.01847477580035556,0.14913006868086848,0.04968543312343523,-0.020794406966464396,-0.04412623920262607,0.009641119030664816,0.07510707934479229,0.05671532422127301,0.05335400139240404,0.09334288922638632,-0.02413047197749864,0.08210961086262773,-0.07846073715686404,-0.008898081280231248,0.10867824928415186
761,0.011183805914405506,0.06718204069168877,0.02076161098196546,0.08583801613701003,0.02640471997590077,0.09565042825316471,0.05994850050966177,0.09290218355866248,0.04712258164168968,0.017746282327163132,-0.04068721593392192,-0.0016007284759335845,0.0638906918691402,-0.045595403454859296,0.04135384914341861,0.037795998678292086,-0.04184339361177584,-0.0319001455640431,0.0860705755605224,0.043999385913695885,0.05332792188387392,0.004009324775238743,-0.05071928469993697,-0.0628041030906859,0.051128111534926156,-0.03483160570313213
762,-0.018992251979143743,0.01735229853455933,0.08472120943637042,0.061634173277693716,0.02428760343885324,0.02590694231119728,0.06432651536627725,0.1317634661768318,0.01936108673688928,0.02297763409982695,0.16588696708303938,0.02987509789422177,0.06483697987514321,0.02682554344273591,0.03882250408167428,0.10497192641799598,0.027208222917858738,-0.026362886652473067,0.008132109687376432,0.10409615459103579,0.1176964730962784,-0.08381525171947919,-0.050139253203797994,0.050261817453392955,0.091042667861986,-0.0319121350956502
763,0.022340767221104858,0.1197900410121799,0.06745775651890434,0.09167566494399056,0.032873513827593216,-0.023880298512542714,0.02903885593015776,-0.016408617376844535,-0.04044107656039706,0.0735947606146712,0.005001481497361534,-0.00737262234395151,-0.007713220664960034,0.1094609638580661,0.04364928872905308,0.022086571384422254,0.05362995750021896,0.07014862853482011,0.08787043994866799,-0.01481017000425642,-0.04363820621004492,-0.030077029070660937,-0.10003717297736085,0.052832450223506966,0.037497960707896794,0.09171701560308428
764,0.0734331612040977,0.11984706791196421,0.08640511735306837,-0.022276180354792414,0.006644186864782206,-0.023367855393965336,-0.01515657444365015,0.02422152245189309,-0.0005099987897792344,-0.038466923883395086,0.07789439942334841,0.04673998205454486,0.0918128548020679,0.0962959903758251,0.11120439811060588,0.0023564809697451485,0.04686828234317184,0.013278569071993781,0.01331150835880059,0.01771587681247651,0.07908839259166889,0.08063392052047254,0.10966880205327177,0.029559163567575892,-0.07223275915370642,-0.01121319042077934
765,0.17376824740945607,0.02638208357378032,0.12894803189143586,-0.0013732463056244457,-0.04659382978408048,0.03666015281388887,0.07174359770453853,-0.033171980471992414,0.039377924235684446,0.09721706285083603,0.08634066264145375,0.06717036222650029,0.038786900290813796,0.05579592905458173,0.07943935962680974,0.10486956697182331,0.039125033685178,0.0319648496855172,0.12947885291627395,0.11036265785921184,0.08754370967035686,0.0024466852469501865,-0.006842849417762105,0.03586407829329193,-0.011983659505762042,0.026715602965871922
766,0.06428105664401874,0.06107120340631822,0.12244816343602417,-0.07183949882544478,0.1131168093784506,0.05802785511349271,0.026651204229653704,0.06656841327830648,0.018164124231951483,0.11694799410968208,0.06653717752702513,-0.014115990621826021,0.040165811222206894,0.059238426643682354,0.1047824771184619,0.03287526568139565,-0.02334150875231476,-0.0015543575824951512,0.02496556681500628,-0.002856845080031941,0.04318446818319566,0.08272191392179472,-0.0008378894038802613,0.09726222015118167,0.005438751361694083,-0.022283932750070495
767,0.13419932513932833,0.10382455889156868,0.012243691474018084,0.08530733128715079,0.11474743687717792,-0.031649014436923806,0.08115467414649173,0.026804858533271338,0.10459161702590941,0.07871715741927705,0.0031967116651072285,-0.004771563318006285,0.08184782864775031,-0.0354349579694024,-0.010393138538403365,0.04516821140662208,0.09225333982871671,0.05584376736927715,0.06598622700797492,0.024610102048336913,0.045930546526967174,0.020490150684234765,0.04288543492428126,0.06627670613314386,0.0017665187165344749,0.07091790220252901
768,0.05162391148461548,0.037307214741180005,0.05964925311688576,-0.008904949251390201,0.04619746028007132,-0.03870690351954561,-0.06457924437711883,0.12933709490021267,0.1268213649041309,0.07239136512706588,0.1622676170680072,0.03847464610416196,0.11642106556911297,0.07544932790599017,0.029973510555568184,-0.020106765764619727,0.15604060744337925,0.0715784056576002,0.027676926685812453,0.13592841362410465,0.1534034213464032,0.0737683195333995,0.029862862560138242,-0.1194087056242568,0.051252047632463306,0.004475017187549465
769,0.1449470580870186,0.034760769390117685,0.018796645858808286,-0.06137826566517879,0.07385395098784144,0.09902379052144684,-0.054620201022704575,-0.017988713183002325,-0.0007386637508526676,0.07230896156277404,-0.044318751392979215,-0.018212484709658232,0.060524284462075584,-0.04876602945054156,0.011828150916502467,0.06178506323413996,0.12053753393815776,0.02593431859063311,0.04045951584044991,0.09817364156100626,0.02616038942735044,0.12223929399319687,0.08369498740722085,0.008660470061598369,6.751321661147003e-05,0.04801384001152879
770,0.037706671577977136,0.05164768879179379,-0.09794135692329593,-0.06930370794101937,0.021515505036158105,-0.02641878059954056,0.04937772805210026,0.1011393386350131,0.08545527505609359,0.0809858622989859,0.05834516991607771,0.012968037812914482,0.10437091020067753,0.007309046046486264,0.050508690937029345,0.10479713939246997,-0.05964335845307315,0.08986116740360565,0.09911890328813573,-0.07091065638115777,0.08496320753634828,0.03223520301905323,-0.06572645709833534,0.004402553905718735,-0.035594860042744,0.016352189105372023
771,0.050919458664125894,0.07877773248696618,0.013919035786462457,-0.03388887617349675,-0.01581979473630879,0.17306445261762088,0.01035766746726478,-0.08398668220052297,0.025414159601162428,0.010269066961042054,0.08141728069809268,-0.02718501401727526,0.05113283616089374,-0.028987029482247312,0.1123996190823484,0.04646967057417247,0.035680369529638746,0.04157989063347556,0.03903143614963772,0.11602158213545836,0.022341675224179347,-0.0017122380997870263,0.040056427049494636,0.004201210476976913,-0.009630147311013897,0.02545954444458585
772,0.05188256635379381,0.10238038723822464,0.029498292521531487,0.08476578570869493,0.017671108391429935,0.034001324668407794,0.025869526004716665,0.014470304808559303,0.016571742239402793,0.06138413274384702,0.02052587454959352,-0.03814247328035877,0.11544235369760479,-0.014568043004398346,0.008320108550481597,0.014773528378489775,-0.00022036167063612267,-0.04192269459507105,0.09796057663920242,0.15973619487508986,0.05522117805322222,-0.009191752978160198,-0.029821543733013062,0.06971764332923636,0.006296609388648881,0.011427930438904926
773,-0.020664892978352833,-0.0005167686128107847,0.01301615554503179,-0.11061844209658478,0.08732047078648057,0.03467794730501084,0.15813068898372348,0.022866874974093065,0.0506716183642781,0.001853748234408999,-0.002644858246076724,0.05230329552514105,0.001357017160660742,-0.0021954824743276777,-0.032612696923790464,0.10131968018016639,0.013576607532096848,0.056980051629324256,0.05869198694409685,0.032489156962840035,0.000893022624217458,0.05957145434475206,0.0483730526498101,-0.015390049442404666,-0.04105491463781721,0.08499091129187876
774,0.12386838852012938,0.12058705070163171,0.09931317535650812,-0.07679751688083773,0.18321830806091666,0.01339864542762137,0.025796916247440627,0.07299299544371167,0.07739623665638712,0.08646841396781228,0.06865866291706695,0.12327243460830335,-0.03433822469937079,-0.030671814795599328,0.03411965737775561,-0.010802715470429066,0.09301071467101298,0.07228939955926726,0.1278178459783819,0.06430092363415574,0.09397920857262348,-0.05006842485890876,0.0002386401487859402,-0.00018303553741697964,-0.005055288483119813,0.0017413078216036622
775,0.0433754609725193,0.07423083205794534,0.08250595956402194,-0.020249086982022935,0.11886474928394247,-0.03609351180328002,-0.05518355059545891,0.1381109192237193,-0.0022114462273175595,0.06731769872088046,-0.025828427323048502,0.06886862595104071,-0.07205648243134993,0.06051219107562521,-0.0536995130124169,0.0517086100687059,0.08729947378185811,0.04204606983446081,0.03869398917822956,0.018749482288112167,0.08247606265794666,-0.0018814868837061516,-0.007606080634920371,-0.025828516174056647,0.028691229410064096,-0.031366528581962705
776,0.11065363868474366,0.11947681709206566,0.22151495260993517,-0.017485269079938453,0.010445701712948322,-0.020114555269569123,-0.05849147236295863,0.10035273122656675,0.039808213723293205,0.0833413164584983,0.1209027154382823,0.09086069076195384,-0.04272002807301898,0.06125311196324958,-0.046169311562877256,-0.013672990782953809,0.018734865475513174,0.015180492608135476,0.08648971111930055,0.15331111366593655,0.019360870408656212,-0.027308390973014907,0.12191165171533214,-0.06612684868440505,0.027626631444087134,0.05862441410534617
777,0.08712028307309404,0.11539275889438705,0.015720941467631904,0.07062699335727012,0.05425495358197822,-0.08427192945246555,0.01695481353343884,0.1433307779494842,-0.029837487962340647,0.06758968493333212,0.04538526209157521,0.11323731995032192,-0.09881714601989422,0.04118462694080849,-0.027644332373175984,0.052052637397119815,0.07362737080501956,0.05914609871774906,-0.021410744643260538,0.05700261517981212,0.17620501275245712,-0.03551224007410423,-0.04158254034645009,-0.07579920452570366,0.07957907634830136,0.0659857260610693
778,-0.03962336193572846,0.21441303631552824,-0.03688299026054483,-0.04104106854124242,-0.07614953814083286,0.07621927595538468,0.06121524868537833,0.10028155691674719,0.06591816021626042,0.04410570082549268,0.08122346708332316,0.09385808182464235,-0.014011776714180283,0.10039361838812803,-0.029303567155661625,0.05812308707693862,-0.026134935782226344,0.08906540577450817,0.12828652680201258,0.08676070295146092,0.07077293834249648,0.1254485019281032,0.02850214180376972,0.01746426208651445,0.02764055436967716,-0.05827785401797875
779,0.057485409630409844,0.024191584074213752,0.017954882825071777,0.007881734018003203,0.00312697568683414,0.006666595566435063,0.07146670471496382,0.024677301808433916,0.06434603419206963,0.03524316831462563,0.009081088830445616,0.0955767517979839,0.08088417599485331,0.02740255942587259,0.00494460539341494,0.07861122778841441,0.035934337995578956,0.002781038148359135,0.036038036508854586,0.03810455802815745,0.011860509552776993,-0.03937587677692397,-0.09933954975428246,-0.06651609692264833,0.0318434526544118,0.021551708242336765
780,0.12089167895491915,0.09368336148941385,0.1339903346751328,-0.06852944409590138,0.03337246512150952,0.04427531349302338,0.0715822470382085,0.09674605002895902,-0.018690140431685005,0.011135982964291821,0.10585945317521878,0.04581279087266025,0.056332616117455304,-0.021026767880887715,0.06319781046198514,0.06032459772291806,-0.025190834653823768,0.027866328221026065,0.03534720115595941,0.057282484800650214,0.059121148223249764,-0.04980423634261605,-0.08158518231456509,-0.012625398349253192,-0.025891116287204086,0.03029892407368005
781,0.0717009548762814,0.018892241624683094,0.06745590745866077,0.0340774755162892,0.047428115559212856,-0.11250670632925742,-0.049171855225547866,0.009303179772689593,-0.0755746751696769,0.015031510858522834,0.041740558402078055,-0.10932836331677465,0.03385112614133016,-0.004599872140446326,0.03304206739344969,0.142872777138321,0.08304885476234587,0.03135594298911082,0.14064596657089767,0.08546436017185656,0.09126357578374761,-0.05027052086319931,0.017232126322994017,0.0018389720255480395,-0.007574826295514666,0.0399785849322403
782,0.051037368352671385,0.02847433564329288,0.02517893858211384,-0.047652650054561485,0.13818823161092442,-0.0014618017820952805,0.09787473376144806,0.058763665801197594,0.029769931944632417,0.10083371795966005,-0.036677345964394446,-0.01891398340094826,0.03773459571682043,0.008073148382083525,0.07795310551934435,0.048296653866324646,0.07118911533037196,0.06894317107103841,0.10351330681229964,0.050109828058794305,0.09060758098756476,0.03010185481819718,-0.009703251833564944,-0.0387375508284701,-0.02373885971137076,0.14420381564974463
783,0.050240615649780364,0.10467124659083295,-0.01533774842358841,0.009254864844956117,0.04997860060237347,0.05510451193281274,-0.06497454414933612,0.09795034372476519,0.13808622388889233,0.03174981035475769,0.046427575511075805,0.039010366297762965,-0.005864471129150117,0.09366872644383172,-0.01797622757476545,0.10238525648248727,0.04545660749588604,0.09481604599689436,-0.017612026012712167,0.07464225294419984,0.0802188376566438,0.033671534294548576,-0.013599432958742516,0.01573287485054063,0.06755577430261239,0.07469060712366343
784,0.12567873904694413,0.04600826222106499,0.04765214236534859,0.08692696394124137,-0.0451337920538567,-0.04696600188990727,0.011745854022666,0.14038325595812742,0.04677320036132101,0.011510644788968164,-0.025570278968458076,0.028468375502427423,0.06136735936805907,0.01912986125356375,0.036728347317040964,0.06978966754251147,0.04440763560465211,0.08512386292325567,0.05833373509479541,0.06688350704374625,0.11410669343766362,-0.013139361055705992,0.11353674545803898,-0.012544130417645552,0.05964924479306849,0.14817698596522386
785,0.012640274129830913,-0.051857204195599395,0.08818716708384992,0.0518153828165443,0.06268031867842894,0.11615828998543272,0.023936494525954012,-0.008538522472627097,0.0631274906005826,0.07438567040975715,0.04424269235160997,-0.02338620694924498,0.08411386968197841,0.005327673865923847,0.049355155443276844,0.06319671305448467,-0.02062327174488191,0.047478632964642366,0.029945606774690846,-0.06398029804303508,0.06054626268732921,-0.002803811163694492,-0.04210240878679106,0.008124333750918256,-0.05597413517297175,0.0563141509259133
786,0.11350157054096584,-0.01378104948012184,0.0880397840647294,-0.00862226417846379,0.02013567592131151,0.06071972557828668,0.01656232338069343,-0.009089266399554801,-0.026915721080278437,0.06483346942052542,-0.03111548744247485,0.028386343623436876,0.004170411772074167,0.005193609944660264,-0.04728482037412177,0.057811338039040205,0.06001741136935692,0.07981150081255013,0.03916246372537735,0.04172355854149057,0.08466159949952483,0.012764918153253276,0.07032754772099126,0.12265472781475133,0.06744151478214444,-0.0008012450543358014
787,0.024887486341737763,-0.0036192582531529016,0.022888706599294612,0.057023497830488656,-0.0055037203941713155,0.1326112686664702,0.00406320551806862,-0.004194542347618993,-0.023709611029492483,0.06962548805826092,0.0016427870172858374,-0.1116232246050507,0.021544749494903943,0.07071047805671661,0.084446603960256,0.07034938105122125,0.00591823660258232,0.056645184823488647,0.0722754328342417,0.07516651366491683,0.04662219941838055,0.06949133905077874,-0.03899724553585807,0.07909286132630776,0.08796415009514913,0.0020123619898353242
788,0.06153566979085697,0.09879123506886452,0.010636643340282618,0.012253035506036866,-0.06070670531924849,0.004010545084002448,0.10592597044791552,0.04208777421418464,0.030337514956159568,0.04504022941879073,-0.030544481312160848,0.05947733945028444,0.027413575739779407,0.05852380049846695,-0.016154664040788726,0.1147014619810081,0.0709105528950229,-0.006706134047300101,0.1684109328157144,0.11414099651476006,0.094354883320388,0.06507149836758448,-0.024968485940975393,-0.07153215967579907,0.06954385879208684,-0.013227422475089918
789,0.05620511196977126,0.12896527068643537,0.025362770613197583,0.04550843507878274,0.147642166794389,0.04591618504403485,0.11536323270543761,0.0046674478650212126,0.022105052837248507,0.08526338965399,0.08508275277512435,0.0343321651651143,0.11558929640852077,0.04362764354913954,0.06995194972113526,-0.015355215193832705,0.048396519087955135,0.08191752622519848,0.14642615616693672,0.07278084318267779,0.07742646183629125,-0.018778227038050783,0.16046683228547856,0.04065701857363957,0.018951833657116356,0.04173937116695409
790,-0.013243755879803976,0.08705560290539106,-0.04393853468822151,-0.018145470880255938,0.11886339921546148,0.05887654225783251,-0.012841371185259557,2.839701097114445e-05,-0.043423503276848,0.10388498858662154,-0.03829838421088805,0.053657264227414625,0.0645628756181979,-0.017658426696236074,0.03465503916481668,0.06184745332834322,0.06041403760973759,-0.01232681189849368,-0.07781830527301464,-0.04329757856526369,0.06136170121744081,-0.00509316245194998,0.06094601449420191,-0.00918310260386479,0.09788969201566784,-0.053226909712984015
791,0.006513944605640032,0.02141612956704434,0.08566658015696249,-0.108925710446289,0.05952541817505038,-0.04851177534300222,0.02010739100515953,-0.01373742061316402,0.042787566989898086,0.033179550587171855,0.028266298190300892,0.029095609593774274,0.08055817945954309,0.10652588299357663,0.09297564264112584,0.10485458357541642,0.06435749093301618,0.10173624630016602,-0.0058026088164265435,-0.02729985960510269,0.09558245683296758,0.1435583052818902,-0.03737452732353467,0.014563926788768907,0.053119825675460385,-0.05528371524559892
792,0.08839078121745535,0.1320877456127241,0.09614947701221611,0.06206025544329334,0.08812179529092219,-0.041245353290047436,0.06127829938236303,0.011319388935984238,0.08007330964119348,0.06986390507139824,-0.012779949599033577,-0.051681262540258434,0.10943964158910822,0.03609984809909521,0.05473012717187181,-0.005164489707781994,-0.06647537164945215,0.0779549632046751,0.1410952552523723,0.045938751966029756,0.005230185682589464,0.020439184704604596,0.02044544903538063,0.1161002379621681,0.012904369187482279,0.016618576938743856
793,0.06947575046861727,0.021418062026592098,-0.08467400351924755,0.049466014845271876,0.1407742533490096,0.007901511533872085,0.06992886682720882,0.03423728496899895,0.0270539587255151,-0.0007231659635532819,0.0660267045457173,-0.035962792036171885,0.019971117412892297,0.019508524612771805,0.03469864317284007,0.042568781403394616,0.06614967764945195,0.012431493652920475,0.11039834253458991,0.0848905154720397,-0.00658370265422122,-0.0307874095154696,0.10799907985598296,0.09330963447782763,0.055130156513617225,-0.058665749322451055
794,0.053905562495294344,0.040593606424422814,0.04977196935361805,0.08065425722228547,0.04305848380599749,-0.0021036023866305986,-0.09987328950347951,0.06780075740076513,0.11734221582847985,-0.0019514135824023806,-0.025080729148787523,-0.013580250461343776,-0.07093274366904083,0.015434530228140009,0.07579580171530466,0.125330289556823,-0.009763099760313032,0.07495954923827103,0.17695298093065018,0.09660861490009887,0.04719361507489287,-0.034751617185341255,0.0027013638153300934,-0.045792730397016666,0.03540422619000814,0.14706646969478676
795,-0.009848196186146149,0.10559157149531873,0.09370462649290649,-0.028787823702619193,0.03437785585170102,0.028450481081232028,0.05126754380255107,-0.016886697269961764,0.044168227031448626,0.05412061743019636,0.16887647402564115,0.04878962644177912,0.01612451592132208,0.06882143369029854,0.0516334659590002,0.09056165049822816,0.11240890555689857,0.11652185923345182,0.10027430122744739,0.018956196429524765,0.12335206862824645,0.0996825733376222,0.07543494420421833,0.009322348867728147,0.02756355936758157,0.10252587216743213
796,0.03564902139354468,0.07326546603941969,-0.11635464247012349,-0.04108726558143914,0.00893799132606778,-0.003946049499129226,-0.01823926033064412,0.040739739539704854,-0.044034535175309385,0.07801191346084317,0.0572535381326296,0.004249699234561403,0.040700632970187424,0.07603813227987621,0.01013040136562297,0.04145381805704542,0.037395625517180196,-0.03477321512735639,0.015556711952308622,-0.0401490788108641,0.1131875348680837,0.02494175918276729,-0.02911237650570775,0.032692643553701196,0.07505534356964001,0.007692091971198708
797,0.04386481922492108,-0.018357019518492113,0.018710716781094483,0.10524180626095984,0.06003717967472738,0.03196799837548803,-0.058996710688619,-0.0071476043551519566,0.0966757255031468,0.049739767426053016,-0.029415463736615965,0.07393123626340485,0.02281559711766199,0.02424160383325258,0.10847431020783603,0.009215220643066624,0.05235138693101602,0.030613576618521522,0.01931074364852011,0.09909093789821945,0.031123285517886234,0.021229976893304713,-0.004125423845220484,-0.04310233310127661,0.08558136236173737,0.05603132077942282
798,0.006268085043862023,-0.007415864146687971,0.018423706689898494,0.08253973036881751,0.044381539334983046,0.08392933686443445,0.12311737839666015,0.0895285683566127,0.10538376015232992,-0.02268247303670103,0.08072359210285761,0.04087925625608929,0.039768210778903836,0.03438004766600883,-0.003081505756843444,0.07717271418680609,0.03795412421126106,0.13463742301135764,0.1356466117348897,0.16447026381241034,0.012781305365453782,-0.06993936186402268,-0.003968132618130782,0.0466003063920184,0.0826793668152649,0.07314228725038217
799,0.054791858941729464,0.114118957152768,-0.08488222093185853,0.11304611523243753,-0.0416888511461919,0.09514058966452134,0.01140955703063501,0.05477790759324656,0.14444752729930088,0.13411078831474257,0.05302039579549841,0.009914221324556476,0.09988667412217746,0.179763148735006,-0.08686974848691702,-0.010228082112141415,0.05688579154513992,0.03237028587472246,0.10323491580932664,-0.025059346190147935,-0.052349360326683025,0.0013037089499439896,-0.008723134748047923,0.003255534401517675,-0.021656653006672577,-0.012095449408783673
800,0.07261497959153973,-0.06363506537698921,0.08627211717330117,0.12564574047752025,0.09515040789380559,-0.14698057485534566,0.04125691502822422,0.06691020651372488,0.15658621278814966,0.1561591352823679,-0.043060593837216755,0.003428764303318288,0.04792153057950482,0.054756999705292686,0.03957856556877213,0.09733908952175037,0.0010686129797789126,-0.0038432265666904315,0.10060499187786147,-0.06676794839338056,0.15518478003426478,-0.03708981090634522,-0.09375869737675992,0.04883425002865194,0.024073303369703185,-0.018983549342720247
801,-0.007391205610340476,0.11294592109752079,0.005342440499922293,0.04316324523644453,0.07417516970162835,0.049131937404655546,0.0018439647070493206,0.011527239561104944,0.010066950390893633,0.10865807644236097,0.11470959742859584,0.06750262537035301,0.07652213489092331,0.1294986353115413,0.07635240034367463,0.003938878800867944,0.027877334160857914,0.003429665030073581,0.15236205670644912,0.12744877296700316,0.10186346650843336,0.02536205024506995,0.10051206850380907,0.02856862653519554,-0.07667702464223143,0.018679382066223806
802,0.06227826814378218,0.0252337767177059,0.1078932040334744,0.04679070817167206,0.03563083258664148,0.0905887136382955,0.008839996561910849,0.02674500112614553,0.14843514372735553,0.018413126751480862,0.012866144049529479,0.017006193415784097,0.05284193660949299,0.04172976004145895,0.05605939302211803,0.051414362991181795,0.08549997734809851,0.07968022852538141,0.018892968022996465,0.08822456222144211,0.07210839105870186,0.12393369156033651,0.008071379523375019,0.0718743067881661,-0.030070678818237957,0.12318277699808623
803,-0.020869754860366834,0.021613168944975968,0.04498129903710931,-0.018988934846008443,0.03919662539507376,-0.010116942533193155,0.06691022037745309,0.09014898472337719,0.11534441167948199,0.03263748061329741,0.10836048196951438,0.02894497293520789,0.08531865271811324,0.15699905115608412,-0.05910556699654471,0.07600641429042654,-0.01337026710641498,0.09275019331660667,0.06319336625368378,0.08786357352763796,0.06507563779798707,0.08167759282869336,-0.024024965175218776,0.04152030842795255,-0.015929238864451817,0.03952584365748246
804,0.013138486454754683,0.031066920793992796,0.018118622699774378,0.06513891389664332,0.10580072091115496,0.05173336043279758,0.050173838496615795,0.038952715021465766,0.03976663497391816,0.017672169647687953,0.03838618599314866,0.04113108473659568,0.11547933380564553,0.04510635493960909,0.03387763429870866,0.08472944423495278,-0.017125006443327782,0.06664549667797744,-0.006897504028486563,0.08658789036980652,0.08027050684683701,-0.024642685469332716,0.010542672783688162,-0.00983661944080268,-0.061266325839424075,0.04641914200424474
805,0.061138384635993914,0.07229210468862013,0.06876683889133527,0.006867175005519625,-0.005511170584799422,0.004401707343348918,0.0237382176665073,0.07268437281321806,0.07237366981881961,0.1234354468851977,0.11757609918401662,0.024483451825328146,0.16185488649978755,-0.009121607557726027,0.07360509451651832,0.11559853887015027,-0.12430712078448551,0.0674703470083529,-0.018142573664285712,0.024383085037552134,0.02836687884264838,-0.07817850793298993,-0.04168117160776078,0.10655743513016541,0.11594300627065206,0.11377127275508096
806,0.1688885450763112,0.06106687384987024,0.10314843359970387,0.010959413982197425,0.035980366520959296,0.030126462074862435,0.06788902101792531,0.03556234938969007,0.03519680351315645,0.06393575179326964,0.13605075506161968,0.029126238667192956,0.05295747980995728,0.1029100164065893,0.01210886371722549,0.147192517163397,0.061922713179469034,0.03763299629343662,0.07199373390045134,-0.012616395233028654,0.11426419644738568,0.08435065953360095,0.09806124916652614,0.025608019272904976,0.06262782659853104,0.009738549548132821
807,0.013054114521893163,0.02236132474454844,0.10345230658039893,0.0021025821810626844,0.10287481798061081,-0.028430665107805897,0.023811843191805366,0.12944170196970642,0.013206041461914361,0.0684338544511564,-0.026031626829469984,-0.0438575814515933,0.03466293054550451,0.06613944763939017,0.04833114044685357,0.02454548463561427,-0.00903320832967136,0.14413425994072296,0.12190827471894743,0.06461792627320394,-0.02469620907272065,0.12455186408454742,0.07086854368587027,0.05798284710447547,0.029862515912300214,0.09366532986577493
808,0.0702838051311895,0.019364585081218577,0.09081903344935338,-0.021270706978967546,0.027304679845554698,0.04966833394892173,0.09797192332445719,-0.06190802962878855,0.11397615163216679,-0.006918932718379622,0.06543765618769844,-0.04676337594129989,0.1913576540196125,0.02581584322202124,-0.030625347644280283,0.034036101773402216,0.07512160533338585,0.08366220619243303,0.03628453119040883,0.058438312835685145,0.10748980692461685,0.03958778193782284,0.04300094219215855,0.02515199910788783,0.015179021064543347,-0.045532046980286865
809,-0.024432117990698797,0.07057967651567658,0.06484014948150141,0.03587013751995508,0.05627499062121938,-0.06462353409040289,0.06355548416497862,-0.04414463474182991,-0.04897235900499989,0.006591212600760695,0.04386649548717273,-0.04503992279532498,0.12571224401035586,0.012483825327372688,0.10551076010138628,0.1478608694926225,0.04668204196442886,-0.014264503084004879,0.09688210642397717,0.09685771851391504,0.043769924997313005,0.18756834204529263,0.031234848910088653,-0.017015694435465134,0.06743478124573393,0.041101634396741304
810,-0.005022456534262365,0.025165591734856663,0.047957479999941564,0.11638229325281678,-0.03009536186629515,0.07323454951783481,0.016237959448572183,-0.022264336058069028,0.020035147031631617,0.06559549270240499,0.08039080251939112,-0.09492992359362774,0.11374169024120244,0.08767044747656753,-0.012921178309124667,0.08005600153939635,0.07374975266021715,0.020320862097940207,0.07327170223532688,0.03197109033470413,0.05227730849302692,0.06382501198965862,-0.011586794296064535,0.010896353615830984,0.005661746223005378,0.012353164479002105
811,-0.0013106097230715097,0.02064636684137744,0.04714745663643105,-0.037183411942696844,0.04579737584348248,-0.010298762691211216,0.09356912903390043,0.06590956023238026,0.07535639192845599,0.08848667487970285,0.018909669987155542,0.07265746674605202,0.09380608556795499,0.02527880695542426,0.005627184864935372,0.06691450031796908,-0.03530933895184837,0.0973147199992329,0.014325025663911398,0.11938040675969037,0.008708322234092902,0.07624579734854188,0.09098387616625554,0.09439307305848425,0.019633538290247405,0.018369742334817623
812,0.05222816300939057,0.10324947012989498,0.07562864842255594,0.06770347107250606,0.01869877763045772,-0.1196452230947281,0.12855769861325156,0.09281007562123987,0.11053530933749178,0.07224457994505078,0.05970150145795374,0.06104475971371526,0.02094337753240616,0.10278775992539894,0.005200646055324776,0.09094535457017489,0.0014384629335659942,0.03970863132021962,0.04819001832157913,0.01931230142512787,0.05206869729977567,0.09192443060428873,0.11567340281230704,0.03961030518955486,0.0919031340962626,0.06769399162340062
813,0.05017821763335676,0.05134898807916435,0.04049355123996908,0.032988891571556565,-0.014577593381153034,0.024159171100769705,0.10546146471107685,-0.0496701583919783,0.16259231233642912,-0.004927925712206552,0.04533208593021961,0.0026044602459474784,-0.0041508951871003594,0.052049585081202755,0.031426512082087854,0.030513122631006473,-0.0104986279008951,0.09195201343288363,0.07614056771130367,0.009040251695257222,0.022443820056176546,0.010461333639909975,-0.003125851151099461,0.04096195419786286,-0.02034153908452711,0.01398512930656226
814,0.07315350891266163,0.0842382633130875,0.14713458677499575,0.015341651193135982,0.05062424497743027,0.005238581837158529,0.06647148094514037,0.10249662843662426,-0.04932717510855561,0.08833028480686701,0.019765993350194872,0.05777948815899717,-0.046280105107512404,0.06852439934853859,0.12267800033746534,0.12378045053770415,0.12544002412232855,0.023733260147715818,0.10933724501700519,0.07877106547665368,0.026281062305671697,0.0486474736028771,0.013151600114304957,0.029758639367151306,-0.049397315929592976,0.05125272710666995
815,0.058332701268136944,0.0060884640774444,0.031620127194421865,-0.018382904807994538,0.07923067551266823,0.03689012066629924,-0.035955881310460236,0.03614878553737916,-0.03499264090403401,0.030633423262756625,0.08210648237878217,-0.020610627638804873,0.08022396485979738,0.06528169324346343,-0.024059750735704544,0.05962686609403872,-0.002623314346107927,-0.03372008013883421,0.10438530138805678,0.021346571636183087,0.09595462932956793,0.015210514389983259,-0.09470749962722295,0.05069367167502855,0.051209621278305605,0.03960012504175407
816,0.0025866166307362826,0.07029078414281842,0.09425863679638646,0.0007050564109525685,0.006270714502322047,-0.008583456734338302,-0.007010094835081045,0.04260013217450823,-0.006929368617054435,-0.02121301475476728,0.010964881842021415,0.08321902772475465,-0.0024397579948668238,0.006581561731893171,0.051196567435337015,0.10324019313462361,-0.0031820387131905785,0.06445341580825192,0.10978195189111829,0.08239948262747855,0.03789496690231484,0.13961160639552908,0.0134837682305264,0.003274273232042971,0.04725670655200831,0.020389578607525327
817,0.017876398098007763,0.03477770799889557,0.027166180035643382,0.02171236868885188,0.0011812010350446727,-0.022714744100488165,0.09653265660704119,0.10583937454423603,0.12557702004199414,0.04520719283833093,0.09599711572329535,0.041035914044159495,0.09978386780757582,0.03047814391937568,-0.020048219750833818,0.02793557732531034,0.07762394764054059,0.08879951584725614,-0.0160061615847847,0.14918079293116232,0.06532997153184246,-0.037828960664919864,0.06303779373565636,-0.031524635037941874,-0.015901346923234378,0.06408268699113051
818,0.039023443599225695,0.05839053234763486,0.04709108181630326,0.0899245746608384,0.09548546682235597,0.06943736153132386,0.012520304386280526,0.026574262834871076,-0.03822651122461692,0.07613372017341762,0.04196542465915082,0.04379291916925265,0.07672969332617985,0.0027328851858301664,0.0021402324361120733,0.03040323565797829,0.12252057053122245,0.07253318604622583,0.10609148712287758,-0.013590625434652817,0.10054116746249177,-0.03967327901066927,0.032397994733144496,-0.05219174095285565,0.0042804209573618825,0.014924517139723831
819,0.03540564360787318,-0.05844844707269838,0.04261593329618666,0.1021222883637033,-0.04066151724193636,0.16567420849319012,-0.020101967206220372,0.10555305140919956,0.019126524481402358,0.05464744389988685,0.07128404238857966,0.17941199598036917,0.07546949649153911,-0.022137589585668603,-0.06765111400574446,0.0349167465612736,0.09228316015140896,0.06210212332762418,0.0981212220502965,0.1187526822950792,-0.020457509364160874,0.03611814100235813,-0.01546856912208892,0.0740586618537261,0.1134576184734362,-0.08028647897128925
820,0.0234635546314923,-0.003828786725623997,0.07157369178297344,0.06177119921808283,0.06471307465353165,0.05737467383905766,0.07181089005415604,0.12055335865325412,0.08162110929543555,0.05554092968758062,-0.04888482665463093,-0.028895581119007602,0.06090197927748745,0.033350551940121265,0.05229281841452952,0.14743967516985299,-0.0024566439054633515,0.028743809975176487,0.14317374123773965,0.10644003404927288,0.1494254344959354,0.011049252311671254,0.06558526406080278,0.040881127080911704,0.030523071455606475,0.02405537557676124
821,-0.015797924700354665,0.051180569335056214,0.04459931939068695,-0.09804607454492713,0.11994635353764525,-0.013725829908715181,0.0072764102470373095,0.04560237997577752,-0.03960658917856985,0.05137919523109885,0.09214829194254037,0.03209229508381578,-0.03262948550300865,-0.03851113965843944,0.039126439671187264,0.0988145664487749,0.03254744384298376,0.1296308490350547,0.05581102902948175,0.07724666448520652,0.045171159893415413,0.08293976355902492,-0.024967883397728503,0.019507937304391397,0.02418990312199911,0.021224408597319167
822,0.17560036147764616,0.10713420361528798,-0.05896351629954325,0.06481297016393084,0.10953467565261221,-0.020655954128390053,0.07577588800756672,0.10930310462014375,-0.022594427370529153,-0.01456374457730103,0.06004078742057761,0.06232418055072272,0.08320809942829138,0.07699103129555711,0.035856340645263995,0.08667375805374389,0.04009256507679334,0.11323868853383591,0.04411185699155555,0.05424241733469006,0.016261545433973124,0.01997437035037029,-0.013757715308705417,0.08908973686262084,-0.02343964768796177,0.07403355849226229
823,0.07513188307402772,0.16073462223224752,0.08625148126120918,0.08369797146763285,-0.010862166952106345,0.029324451698794496,0.09107928773882863,0.09834871625489505,0.041353222403904044,0.07300194453617166,0.09622912479952993,-0.042587027096320985,0.06930621707751124,-0.04845165990922281,0.08859992773581464,-0.05575813711616758,0.06311378780134562,0.07095849870009935,0.12089123138638992,0.04364108372331018,-0.051609581477818155,0.11605230878404404,0.018029769665020734,0.07720612651910375,0.0203851255256763,-0.04312304179151161
824,0.07086568952624082,0.10047531083729844,-0.0060295331106520935,0.1543690439547795,0.032917910201529434,0.02288081436339882,-0.007395582629741751,0.07071326288789831,0.08266327383193266,-0.005130991403069681,0.02950137785622392,-0.03464097499717226,-0.01894763571499754,-0.06704458386813679,0.028263493608884006,0.055398736352439734,0.05085110741570065,0.02926272556210583,0.10505283978445089,-0.004224983128064149,0.051443086973493424,-0.005750192439033372,0.07046591604681025,0.04940431141183758,-0.029400651415127356,-0.004924053794584882
825,0.11143202952733477,-0.05458954409597035,0.1359608365590579,0.04195151176819428,0.08476657699979608,-0.04476032645476188,0.11603551937462962,0.06990185909165374,0.041400099344625185,0.07508105436883729,0.03345082149818207,0.003925587629355613,0.09183063537925962,0.05464367234750941,0.07554552889754601,0.032020501717821725,0.054408077389755914,0.047175866232461075,0.046601633773131625,0.03929242354241225,-0.033272063929706386,-0.09545469573207531,0.09375346494051556,0.017663658682208132,0.039070406299981486,-0.05143267507418351
826,0.0023799898641780524,0.06006497281638418,-0.01506952331681168,0.06818931780688477,0.08783804693393667,0.04323813731964332,0.030257426297184326,0.05447363206116999,0.03927201894961557,0.06672232768501705,0.011110315773967743,0.008951812495798609,-0.10344829227293657,0.03647323354580343,-0.1308795024447471,0.13510957114440006,0.10536651322495057,0.08800444105508919,0.05303621276728678,0.08064622770606301,-0.005481926023397846,0.023421700337512785,-0.09014002875198862,0.03906866981354632,0.013785553130876446,-0.0317356065146999
827,0.0045072226782466585,0.09450500954937825,0.04851947505024725,0.1534553895950542,0.09792829794507758,0.041996728523460446,0.11627014665230985,0.024702860878727084,0.08220451269526345,0.045601687481204856,0.10497494989109929,0.003600942385244295,0.04311418433720495,0.03976514044005669,0.09932445371912062,0.0652162707818353,-0.038638269653792766,0.03300556173597269,0.0906761849029899,0.08984971922522654,0.0844454664096655,0.04459462928476247,-0.008891071536822817,-0.05870825680566355,0.1619838022994557,0.07379823613798943
828,0.16292907394958536,0.01889433251754676,0.05453641239376167,0.0015010849194865283,0.026552821951759713,0.04900918938841322,0.09311212036326354,0.017622078206284954,0.0007385029729512307,-0.014089657778180794,0.06562241148871778,-0.0017617579798619998,0.012897106849759199,-0.03310148970427488,0.0806968331483428,0.07073004002946193,-0.020923154246734483,0.05237362395271642,0.07074646619849749,0.06749380889885799,-0.040438224852633396,0.07375142689806118,-0.03497318499453687,-0.05469753239233802,0.0008725166532113082,0.022925585542499755
829,0.07849324547307267,0.1298986942830856,0.1024593052374927,-0.03529095466338478,0.10428461729921158,-0.03275334113807651,0.03414312449855117,0.20273509814485602,0.04430868121257751,0.010349795645709998,0.06882379195620718,0.09550883335807318,0.02002073347940253,0.11600559464948912,0.11577343296274419,0.06142076094855731,0.044812757765260156,0.13139392011026738,0.03813356827684983,-0.007293608281076687,0.07516053884325595,0.012078407354731277,0.044735277228346734,0.1466731709668897,-0.12682788218138913,0.014688875419471763
830,0.03030685737903179,0.1366397670778687,0.06842299742004831,0.09320543633650775,0.08995622456950564,0.03692007025904472,-0.12315606487299231,0.12117155762217109,0.046069012249523277,0.04767572945167777,0.03978035745475104,-0.0021890008177848728,0.020908841591408267,0.07202300661376278,-0.03850790867683024,0.023621471998361565,0.017370542433391662,0.06419211775730556,0.14839936795451672,0.10485833736286619,0.112413242476005,-0.029514156739043562,0.01732643371345512,0.04405791826760178,0.08950252471122255,-0.04237710679961695
831,0.07658279222324127,0.09406652118131488,0.04819345584730158,0.02664350409521845,0.016144295414506755,-0.00975034572093414,0.06461697111745264,0.007817456806227457,-0.04458914340492296,0.11494190735644412,-0.04478864072381746,-0.053718112171432575,0.07661334667928048,0.016289982680783428,0.09296132163061914,0.040787874493606914,0.03438884997510124,0.14914323411307,0.05137328177927425,0.0003415346211964228,0.008247953773075708,0.09152237113005816,-0.017054291471650683,-0.010653460680139632,-0.003712244980544862,0.11460702033545123
832,0.048298427465117144,0.04246314172131216,0.03092123762100185,0.048597232736090755,0.09101646864916356,-0.0015258287251589025,0.022882485938104456,0.1401539918280106,0.039373415416971626,0.03832971706462085,0.041418168997256664,0.018944128765173634,-0.0160922561826371,0.0016330115010992907,0.04086420755120042,0.03610746145897842,0.008711215357011656,0.06113023903016257,0.07982008522369033,0.1511991518480234,0.06976124783453003,-0.05060288671578691,-0.023443041858415503,0.02907475309011095,0.09508813046332935,0.04658462263746919
833,0.153849218280591,0.11245949072799023,-0.020602265283692505,0.06973988498738128,-0.010678673341824485,-0.03769265027713505,0.14273164672969327,0.059796244232653464,0.042672394914327505,-0.01867457720707083,0.10301800477117622,-0.03606657777590303,0.031350873320482454,-0.001934729311605747,0.027085614559192527,0.07881471579514905,0.14132480110724235,0.018456482270705416,0.08606100944854987,0.031594952670210064,0.14827395605009844,0.10029021616183398,0.06521921000997606,0.03066782223914516,0.030213983952029344,-0.033014541872225155
834,-0.0074442063436673065,0.03425034157860679,0.016826406740087636,0.09040974560639288,0.115862039495904,0.06192965458765535,0.02777653890610567,0.04545491952179611,0.11856690343050098,-0.004689473436519376,0.039245853208498126,-0.0968773593985196,0.14816719729704528,0.10994215487835879,0.05856332662245715,0.04197927592779782,-0.04276168192961934,0.05448631542725587,0.057631728855358534,0.06872258463326082,0.08635311726483445,0.04537093312687719,-0.025816630740354046,0.01518081966144802,0.05477191423078973,0.045213639642023885
835,-0.004581246792573509,0.023152970946365425,-0.01843910717831896,0.11616990095580111,0.05202902879662955,0.009882520313118278,-0.07056631103703305,-0.007886596079248815,-0.0032226608945267188,0.07388121379122921,0.08815615985059533,-0.025244163884873088,-0.01287103301471402,0.11163072435373884,0.10055070869084588,0.06888237224152945,0.00758198121877518,0.06364470890953793,0.07615278131943659,0.06919855150417557,0.024453309410511753,0.010662931418203089,0.03740369443225231,0.033006281549145235,0.017952018548375026,0.04521690546485189
836,0.09311786756401692,0.03726824073604945,0.04762133492275341,0.029625327875164403,-0.06819098135800201,0.038333949988364736,0.05196859697941012,0.15145625745731628,0.0222631683563211,0.03303117510838312,0.07678698226791746,0.012531180493008906,-0.020103918351193666,0.04952361215687421,0.0332129715019673,-0.09213627080764371,0.02988558170333048,0.08909294971237032,0.07187777429328945,-0.006819225520352319,0.06448366918776606,0.013187084293123985,-0.002327330462286818,-0.061308323147674225,0.05906052825595028,0.08099519929266559
837,0.003139910213800501,0.10886508624528406,0.025747156053713232,-0.06493894748437784,0.1177670272834254,0.023018270994839034,0.07381414824447756,0.0403231088115078,-0.07952875627049981,0.113544768517946,0.05687889314021063,-0.021081904624864256,0.053668146227557535,0.02805480584184707,0.06954949590570277,0.01170567002835719,0.03847268350528229,0.013028744965533875,0.09247008380372101,0.10254684345353353,0.07641119478379084,-0.03449799220509333,-0.06515949809568002,0.04532061141235921,-0.0344764584668937,0.02853383638186095
838,0.11466807386692827,0.13757747129205117,0.029605740288193738,-0.019970517727725418,0.012072587799105989,0.03371144491316959,0.004205091742768915,0.09558052655736693,-0.06783406816290077,-0.015121783859383139,0.005419899161594336,0.036497982288960784,0.0001508008731557764,0.10910345326964743,0.11696743811701082,0.04676232456185525,-0.005986621993595102,0.02279099340241671,0.041510425049002896,0.03424838628102678,0.007813481279574616,0.09871871374410945,0.15677424146015065,0.06742519015442054,-0.01606185059616083,0.1152936962284738
839,0.09894444479951424,0.011392187467382242,0.12582544771980086,-5.97318320750646e-05,0.025121397587672623,-0.029059519016543706,0.04616070573377299,0.05207350866043712,0.06548663769773248,0.09921282381132444,-0.010578338794295853,-0.014524454888125224,0.025390628680269513,0.06560091427884102,-0.028473932605063666,0.059267746284428345,-0.003076044603272895,0.13754488386544178,0.06316821117157168,0.03169738897008654,0.044509570900844654,0.07859202790124607,-0.0013149337028562726,0.07615489764975951,-0.02919841887195836,0.1469471071745514
840,0.0036148906914522288,0.08174741421723043,-0.053712162627034966,0.07386070092533648,0.11943944761322008,-0.031187612027300915,0.060431699850173416,0.11238683749028311,-0.06821426156774012,0.07300130323225663,0.01226593911441115,0.07642461512626507,0.01234355914948182,0.018858063750746668,0.05463809428756603,-0.04612926758789935,0.08966319763047287,0.07446075528401673,0.09628299321993887,0.14756995468915315,0.05242951050133585,0.07857089435910752,-0.054061866656976466,0.049769178695945326,0.022115351548901357,0.07862771322473017
841,-0.002632447222260155,0.09644827831581256,0.055269237309787514,-0.021899755587360438,-0.11488049974884822,0.00675507512374481,0.03204047771599813,-0.017615186417209605,0.00038411541356793855,-0.010636123593581773,0.005979222395817921,0.044468144731071156,0.012564023355619958,-0.007884023211454778,0.024109793725122473,-0.02844237055612603,0.04448243264136448,0.06505780479728325,-0.04637285384210643,0.11276202576341354,0.01738041442759386,-0.02832860642462724,0.07179810713908458,0.019439738478904067,-0.048111735949259105,0.11305001042143718
842,0.09380687137227538,0.0503215115419941,-0.01012680304579557,0.07905087212967798,0.061271762167178966,0.07267329042277167,-0.03288062736507554,0.029589490590827123,0.03778841981544756,0.02801094891503475,-0.01745419969588441,0.009016081625346561,-0.029935619041672783,0.04042966864239091,0.03223544886501276,0.11785195552018031,-0.0021774806863295764,0.04898222495602348,0.09789785700694997,0.09537198314588961,0.08352805718494687,0.05937467023371279,0.07853247308088461,-0.011536776917778435,0.05138464458012785,-0.04706135691863391
843,0.01673339267987206,0.06060449173696564,0.035740266486976945,0.004656118583724167,-0.023565039514960178,-0.027489884160067774,-0.027959663511960775,0.056596915711916086,0.08775285445070345,0.01832740583613305,0.12387204055485806,0.005679949630426728,0.053080085720230374,0.05126724783559448,0.06345304302718772,0.04958570052953036,0.0782815012746347,0.11836568096943849,0.021942492704011086,0.11222657014020476,0.047545267390880386,0.07684018102818117,7.484858942619077e-05,0.027479719860080704,0.050202468218960794,0.07160733769690204
844,0.13293939924627254,0.059120991067725503,-0.004109884820835001,-0.0022598020466828204,0.052733390654196466,0.14440640358657458,0.06809562114538847,0.03817576669950962,0.103893307620792,0.0479606686192276,0.027142270006742776,-0.01084558191277459,0.03395313532518294,-0.012033347910735423,-0.004265398903726051,0.05709994920372293,-0.021342123251293626,0.025296935697293486,-0.0037667310558518645,0.11854240464536975,0.027390673271741252,0.026994644822950165,-0.12193858934809604,-0.014811325527924524,0.03689086172558209,0.11389831720197169
845,0.04553867366335714,0.18384630160448742,-0.010590872611107824,0.016431424497243663,0.041436570196153655,-0.006036750089825811,0.04030510223441227,0.03583173359233647,-0.020814272923016502,-0.043377482291131364,0.1470934387731334,0.06232886751467143,0.07463014262634293,0.1361171971685516,0.07088903030315767,0.1592610607708662,0.121045101483944,0.06743061238335242,0.0872106626651754,0.05123211673069857,0.12094525419341445,0.08550972258638784,-0.05226912370939524,0.06457020248797589,0.06080927735801056,0.031475355835586104
846,0.11876718642647192,0.03647235742267285,0.1044242973111692,-0.009616601235272193,0.06576178857771409,-0.04722087530823749,-0.05815455603304106,0.005245541213256785,-0.1314399557947896,0.05323785021221692,0.01337353179888003,0.0726419039071083,0.04528581385127404,0.06387893159605833,0.05109676043816221,0.10441499819643503,0.06158768862362457,-0.009016385596421964,-0.0255203138491637,0.039817571659534756,0.03348034070315342,0.03409663092325749,-0.04161649812991545,0.035309079450931403,0.0797764952000901,0.027772684445316588
847,-0.03653803762536554,0.01004168836710125,0.0006050559130753954,0.05241784786065381,0.048484007349535584,-0.007970972213172722,0.06236286998940928,-0.015281842596895598,-0.012872922682404827,-0.025901679752059297,0.05632271038510215,0.1015941102862125,0.02843394419352152,-0.0001756021912148002,0.05289272728301871,0.09179322934748539,-0.09075190996607285,0.03864072000902611,0.01169651780045313,0.04649043168137582,0.017992347749907135,0.03082817646658172,-0.038265938673506174,0.04465850085833386,0.08939039989377191,-0.00277312555437174
848,0.05947249512796482,0.05660070996025061,0.05958275209724293,0.002809405977530581,-0.034746145147001806,-0.010661689967743174,-0.10613697269613503,0.0650331894535654,0.11800828702923331,0.07790685326308289,0.0470531804924566,-0.03876607840178087,0.05913819133369912,-0.003856286557533876,0.030405476299137296,0.17178132502890434,0.11222541218857966,0.009177563321647412,0.0005548547756931699,-0.012188716578874437,0.1211568303950266,0.018098166119058585,0.007548060703341723,-0.07499746434702327,-0.00946437896393972,-0.024077745704213577
849,0.04240856581739808,0.05872579246135612,0.05060591628879485,0.0539178225536092,0.16331304527612842,0.11732147471197361,0.040281687268098144,0.02456408552856907,0.022150237992925814,0.08884305126433201,0.09233527642069113,0.003297042536058059,-0.014444678269090554,0.059385922843853224,0.030956065944711637,0.011290611044965315,-0.034439623176026814,0.045827940488658236,0.029585371190863907,0.005488504076219573,0.05432047787880999,-0.008364365941787097,-0.02032301470850023,0.03281597802763673,0.05240268568223483,0.03941746155957704
850,-0.009731890163391913,0.08554329932365083,0.03926076636741003,0.030955921798500076,0.13336155524556972,0.09367345704418324,0.02383332110935632,0.17808967020270144,-0.007486667937697922,0.05305139865347055,-0.024729131935245913,-0.015793842377517853,0.003870109301189731,-0.03171672041528697,-0.06088910552766739,0.03186091845708183,-0.03238719977381965,0.1585663098727201,0.008975960696870955,0.09324727681600221,0.04643931706225596,-0.049749490182375934,0.012226155236011263,0.14237715788637487,0.023937366696521484,0.24838782337532953
851,0.057687387522936194,0.03897405827182867,0.012719887044705483,-0.10742943685171176,0.1395762998469329,0.07551738461654679,0.10328413287179872,0.09381272609531455,0.06270218363332042,0.07137811284779723,0.033003568751216274,-0.05109894040151641,-0.056047119081277796,0.06607894341573567,0.031728254963393356,0.06361521585525381,0.13130424059384138,0.04525575141497581,-0.038407904557604955,-0.011223930897669654,0.04997730436382358,0.004858332660830226,0.00520341288565838,-0.03557290991957479,0.011310229789805152,0.0335403465722402
852,0.07337002779787023,0.09278537962340976,0.041529418950209174,0.05595916110807888,0.057072190980725065,0.11653844237527271,0.06926779284668146,0.03255957582956818,0.06785029394747026,0.07367190265704986,-0.02333392572434706,0.07993053643780039,0.09459670833795186,0.0239917376197288,0.14342309179030988,0.019234172095896413,0.08357674025672752,-0.03607025253883465,-0.033314278755825245,0.12239680044381256,0.016941273204910918,0.04640268053286445,0.11734772867137289,0.13385380664140076,0.10514062321805517,-0.03918026786051635
853,0.02574095479059285,-0.07009979544081414,-0.01666181087603913,0.023225520195671163,0.0033606284471316603,0.03323740884471119,-0.017035213878908495,-0.06570862043135195,0.073816337915243,-0.008857619632861394,0.039414468496244394,-0.01159721684726082,0.024224492602321422,0.08312322222770545,0.031632330722272596,-0.00932733906540284,0.00580380164522772,0.045909846079067486,0.07688650974580392,-0.00417316962287297,0.07907781294043092,0.06851007708721568,0.06890668521312047,-0.004494373452272308,0.019508169200349795,0.12486852305185392
854,0.06816603041400364,0.029873181253774916,0.002329894505010717,0.10350720444155997,0.03473222847459145,0.04585542167137591,-0.07207134089810464,0.0219835516924762,0.04068318779701646,0.11687566910846926,0.0544986591553823,-0.003672043805346581,-0.024950209846535176,0.06712865294369195,0.07467162798711095,0.013352763129071224,-0.033965020604457975,0.10302041946757022,0.06096358121433726,0.13490826819501373,-0.00957841967691488,0.11411464476660477,-0.042012667118095814,-0.00709875811729177,-0.008794704440591827,0.07280360605421836
855,0.020599395906826357,0.059693446625926794,0.049069552741946555,0.07273922234860974,0.022687305710182255,0.017969383277605094,0.1412777210757429,-0.010155262331990636,0.05406052380294727,-0.00022785126160666325,0.048762646981205894,0.004994048524250783,0.10252535840844564,-0.05393434601692315,0.04602914545696951,0.03462885056046302,0.03688815756250998,-0.03801288478032224,-0.020498428207575303,0.024768289595803423,0.007438097253987993,0.06965435967237099,0.04426864390853147,0.033792682192674596,0.031601617379960666,-0.05632614988313341
856,0.005117646970618672,0.19938550339263109,0.08401117746102098,0.034059445248420306,0.029426638491603707,0.04767204734918309,-0.02509086399435752,0.005744451517162223,-0.09236204512667773,0.05385507254834164,0.10752506022847337,0.07583214655245803,0.0406033094823696,0.023790510327212595,0.0771888686346595,0.04489654547585934,0.013913424777409348,0.085698146569664,0.09259274924877621,-0.046690730709689286,0.07621551891998796,0.03831043720604108,0.0244909009715375,0.012554525039187156,-0.012161395300393951,0.06674260255142844
857,-0.0009987964813743715,0.04566075367583522,0.05237228673569627,0.043143835659833464,-0.08246357230680763,-0.0017611219107642184,-0.029861064016622786,-0.03376241427749965,0.016251257723025363,0.07485839320340741,0.055465256385433204,0.08790670706751717,-0.03417963680085314,0.051488982078574275,0.14505504631689095,0.19067947789790565,0.05075377459282474,0.07795034935786149,0.046248528895952504,-0.052154030366314164,0.06420738085287454,0.016725777626972933,-0.07214963322302974,0.06960646167205502,-0.01987699089677719,-0.009028809464345644
858,0.04446152996008642,0.08927533556761258,0.04192730544660047,0.07381634964103227,0.04917056596725581,0.00019515852411748115,0.010155831835417259,0.03265393279783465,-0.09303246148213355,0.10346955092242537,0.18526603273660316,-0.002770860075308912,0.05288824174955129,-0.03405899753007807,0.03180633917109793,0.01849331327405329,0.04171091920600365,0.08420292260947417,-0.015495470454794066,-0.051196694946475475,0.03027422365026518,0.10756432864821384,0.0027339447741924943,-0.04919641832941176,-0.061383059985185805,0.010562982248642902
859,0.08097728145698684,0.04568538843878197,0.00959014125574616,0.08919975548112176,0.04652063865263696,0.05120159639634118,0.06623517686997056,0.09663518247359067,0.10931677010135028,0.05569046039356048,0.058279413203459085,0.010725138353745,0.03855773613448421,0.12729071450471463,0.0479121963233173,0.02622878905988585,0.059364729308301244,0.031858178063754995,0.033835914248824095,0.16001525888310544,0.04575704894493685,-0.06339578786198197,0.08067402951607854,0.02304685498650172,-0.008444792622442724,0.06574093509634744
860,0.07761148977988515,0.07092872712055737,0.09481788328158225,0.046829323611637,0.1335162940079578,-0.007567962618806508,0.02602061589345019,0.00769351739352007,0.09147445034871553,0.08402797212092696,0.07783971518161185,0.017199003532446633,-0.022307523985322635,0.004449456927531255,0.02287650689506356,0.052088801632709736,0.025915377420106078,0.05958999762065228,0.045849546247091276,-0.030572743890706133,-0.02601872875828178,-0.03338253090615859,0.027775603014787598,0.11329745331177497,0.07974151822857949,-0.019599444166569648
861,-0.007935243529600733,-0.02501840407691247,-0.031173424528563625,-0.034638522560665685,0.07563127614231846,0.01455308803121084,-0.028490773538812113,0.012156910329720641,0.04329443699390079,0.05362956324175516,0.024221352127135626,-0.012716360028764417,0.07147277751958826,0.01041044361926689,0.020659957267461004,0.009843497052114847,0.12106680982033441,0.044733692058088914,-0.05623885719599714,0.05800250459829135,0.01601486174505547,-0.04979510753681395,0.026416494110434785,0.008898811289000627,0.017353135661749636,-0.00409744730109766
862,0.06287343217706244,0.021910990580211582,0.060274903169534544,-0.030122327674462435,0.023599652686931243,0.1004207757698335,0.01872244206320804,0.06507585632116476,0.1015993128686951,-0.097519948628223,0.043978023834261935,0.020410348682174173,0.021088639954207494,-0.03754430447441411,0.09530898498422391,0.04239253408357039,0.08410749229916771,0.040231452232501796,0.09603587603096424,0.052663502209061706,-0.006517666528404983,0.061217952103211626,-0.035438007449655785,0.033760698184142034,0.02180044462216635,-0.03887715573357059
863,0.10876111424462463,0.08436325403649954,0.011292822623919192,0.10227109268352953,0.13303997347630947,0.050552308194270514,0.02703596202079308,-0.03916469195283687,-0.05282398526767038,0.04217653665097665,0.06368530467884474,-0.051744843725146726,-0.005742361158789641,-0.029712953997153662,0.0327272478640119,0.07956124673889271,0.09884368974923735,0.06297306530549679,0.035478474636481315,-0.0009773476776390917,0.04325601248334961,0.025867020591977947,0.029107150501586927,0.0051358631822135585,-0.07955410655813351,0.1282296442616814
864,0.005698416660091965,0.08388071911654327,-0.009002718165761184,0.0355983833174369,0.052077134849501605,0.06434790910686528,-0.03498453389860343,-0.0027829549623376213,0.03428819205351626,0.049606941578246556,-0.008089616033962799,0.01286715122886406,0.11660112983869873,0.011978386439891834,0.0409696539195142,0.10678131030118604,-0.02251916406277249,0.05954239348590151,-0.07084798187628856,0.16715153601358496,-0.00983640771119454,0.08342765719632876,0.04390169153661472,0.026004355564255323,0.06820175505342373,0.06733588177910788
865,0.08493384710907764,0.06907681092508498,0.051791171725292115,0.06869242958306383,-0.04628683421004948,0.008836580550501516,0.042457398921864564,-0.05190124929748465,0.04021833535243533,0.01439034253818757,0.025796582608624163,-0.014786038585213176,-0.039838236799023874,0.03997464264632694,0.014804525169353377,0.04740552700542946,0.020615413879723654,-0.046880974367793427,0.0403178090065745,0.028576672198828607,0.04627779846963058,-0.03479720296263359,0.058722032247798275,0.04396199590590318,-0.03845020358768183,0.05855079331211014
866,0.10047554229363047,0.1070520908218952,0.02377148330178297,0.08525655832355038,0.01399215584827368,0.05022918809065913,0.13455188690500394,-0.026967834066844037,0.09990130622088404,0.0794848334008534,0.09758562707044975,0.05249800536532136,0.07538882148010217,-0.03935682465819956,0.1225340609110513,-0.0028693211222024324,0.05463832522354471,0.05909121315084139,-0.05360389948702334,0.021041472482637658,0.051570030755705175,0.06998165171672066,0.02971105661127943,0.024361914501101922,0.02194292943080528,0.03281357483187375
867,0.054846668996198035,0.07655916676644087,-0.03686881091020583,-0.007420497763072501,-0.09815106091920785,-0.012840269491244874,-0.002313512812721334,0.16062286817980745,0.1598713841866015,0.03003427949025265,0.0513112525044791,0.07697568601007619,0.04176051845384621,0.11349370240277,0.0763583956925243,0.0683959987457603,0.02459501176739176,0.06339955379727784,0.04162372020879437,0.10313330673101308,0.03181128970311261,-0.09758799649358109,0.08719874274529456,-0.09063532361073924,0.008190648461139241,0.0450347919974449
868,-0.06331468775602221,0.06334840552740106,0.06389891314244552,0.06401397271323672,0.08527354758590373,-0.004089735945962736,0.015949194115195058,-0.05705464292462346,0.013439841586758114,0.05018673299955935,0.047216792418912745,0.06329184293048247,0.03914252319724295,0.032007275387733215,0.034066561214386025,0.09888802884444457,-0.056775304500571964,0.10642239441699551,0.009008611771583333,0.11414490983407723,0.05590778231493335,0.09994646163870392,0.07854902991027503,0.0723825030881587,0.019087431260781457,0.002279343180517128
869,0.05917116841217155,0.05201192362145061,0.03619617993778405,0.013396330130333403,0.12322220391905774,0.029434256012678496,0.03143351255879745,0.04216416676005519,0.047206685774990875,0.11761008050593512,0.0701215815745614,-0.032032518696784584,0.0701357976842696,0.013480106745725418,0.006035897884814938,0.046358028344906974,-0.027023623896752114,0.07757855703107734,0.12180482247977369,0.0575476278826478,0.03885408042754279,0.09653601206988023,0.058856540499803954,0.024002756918410993,0.008736478895825867,0.030282488594832086
870,0.08098757514295724,-0.01984720690927444,0.11098401715881732,0.08190543940731475,-0.0394853155685966,0.006042230061787723,0.004909639600125951,0.0029952492182659016,0.07240984268656254,0.07413400926491386,0.05899536474094197,0.03661413037868414,0.11093313972879944,-0.022802594823805217,0.014316251385828519,-0.006562859704306867,0.05888730139659273,0.0686891680415068,0.18260266785568924,0.06198832936623473,0.04667229622768595,-0.005030377307229439,0.09211577174299511,-0.04719231363776477,0.00212041096585532,0.05585367315622379
871,0.1372486560247166,0.03266725084064311,-0.03947883073088202,0.01931884035038145,0.08990491725752575,0.025876549089364022,-0.016642717612241047,0.04638380378180469,-0.04060834806824074,0.06106393480920445,0.020666581210622592,0.047088028435748976,0.038097129092070435,-0.03682807677367226,0.010813367481082395,0.12791428277912717,0.005218681252194676,0.10761669198998908,0.029241344388735768,0.0022432698328789065,0.021622432340875946,0.035389138047684954,-0.006241378420504873,-0.01810937265701869,0.07695927702054735,0.09899144491484348
872,-0.06019967331311338,0.16603832075488859,-0.06965513132323338,0.04969698442197575,0.05009975760990878,-0.021846113339008027,0.05392843940954765,0.043618296374802024,0.023598854179061456,0.0008637398537676422,0.17015323276353964,-0.08962736909849395,0.04663332560515097,0.06701843936533729,0.11814162028541068,0.06756081725851149,0.024514809690761342,-0.023865764222368857,0.055075846037767495,0.075329835206422,0.0913924051700663,0.11454358448483613,0.06541212583694417,0.02519573739583834,0.10794764417058704,-0.08459196627622118
873,0.006686701698983203,0.10015688237348307,0.045513636192355045,0.13121437649516396,0.02917712411854051,-0.06506321144185495,0.044569499550428326,-0.007597547130948438,0.11305668024285469,-0.04345506597289339,-0.026292436546226667,0.03162935142167752,0.07364625773550047,0.08542916291539156,0.02192588774197816,0.06683777280206894,0.04610888426829424,0.012734583466681586,0.07633858310457019,0.12811210296689982,-0.08572334015806012,0.05839698387875204,0.030632515802709613,0.041488453140681725,-0.011912372117512726,-0.022474196076431807
874,0.05113128718477108,0.10340332542375226,0.04824395809970657,0.014659435772112855,-0.003727089726034083,-0.028984438495879356,0.16259508304357118,0.11397008164302662,0.05177714802441561,0.09730342327964196,0.03350271010935535,-0.020287882641226218,0.12586110127510272,0.04579036642794685,0.134701119217691,0.06532238284676384,-0.007603760151779548,-0.024018267066468313,0.08830442409325599,0.04036709133647374,0.00656021615924777,0.03779552880321372,-0.09024588647142928,0.06920633561549872,0.021543744466343235,0.08420812838616526
875,-0.040119842516131064,0.11828072407851602,0.04084637268858685,-0.027381013419574607,0.032320140179090275,0.04938181174836154,-0.10739329397833837,0.08104160512779805,-0.0243314062847433,0.12322584765438183,0.09382461308314606,-0.02414155389633545,-0.029388904118737735,0.1540364763313009,0.0093719454605804,0.05458372173689006,0.12718328840781915,0.03297999763270524,0.04122358614743682,0.0009837876058208144,0.033006328744335955,0.0371784141070173,-0.06140082076413178,-0.015890572448598168,0.008201705150667649,0.09664033083201644
876,-0.029019097838898,0.1118537335783003,0.14755024887779009,0.10005564976620047,0.08665284723065107,0.0231431079393693,0.03315646434690759,0.03212758010740857,0.019607094972018808,0.07966372140584314,0.08232121847566147,-0.030896382544100393,0.06998815001968384,-0.024795875820243823,0.08008025830143228,0.015130888825456915,0.08709935778762971,0.05325247372446544,0.045528408092062767,0.08088135764792415,0.04321109781778545,0.09094263613883265,-0.020531882871656987,0.029840154673749987,-0.010953444968371936,0.06750198662340041
877,0.04940714778802169,0.04953077026302225,0.03015443886615843,0.053984809083477914,0.10300096398644616,-0.011996911319210176,-0.015358590528100995,0.021688535683024902,0.07226000901243768,0.09240266652529128,0.049006210412296324,-0.0204058973821236,0.001386362226189819,0.09522615858933968,0.009171394145581213,0.06138632211921617,0.0020890076129899127,0.01626715534107535,0.12712246092548696,-0.026783989837686706,0.106594269240952,0.052945706844965,0.011661443660174095,-0.0004051209354737537,-0.09214655779544396,-0.02024422365390925
878,0.08282888503475466,0.09517208720994273,0.0954189152871437,-0.02352413286301317,-0.01958825631735332,0.07760406728279678,0.0977479687554803,0.017135546988965928,-0.033551948822991284,0.09708410015709845,0.05141862636484468,0.026843534168674316,0.05839657918268063,-0.032225843412347265,0.002226869283011875,0.15917196567419037,0.010022931061826982,0.02367758053354979,0.014770811615093193,0.03879583728211616,0.05779392853131362,0.07769134428904713,-0.0019733244407581507,0.10448343387039721,0.006866347642619601,0.08072560763684365
879,0.036328494936854895,-0.04481417818368718,-0.04028429141935177,0.037243185717618865,0.023041270448171853,0.029617300947604362,0.0463343739679965,0.04141608587510524,0.07953999685938502,0.05955387832227347,0.08361439194934656,0.09593265332380595,0.02625199666855262,0.18257746998982513,0.0554043087536504,0.0656393596287695,-0.008992083076090876,-0.0036144426496254045,-0.002746489629643652,0.02784181263893659,0.053948360559861276,-0.11180098455096556,0.01802103804794101,0.13004323612688629,-0.04690893606972361,-0.033433014372664514
880,0.004125564397352807,-0.019647945313549037,-0.038811995720922775,0.00799673524625118,-0.03453763451994526,0.022842068432077034,0.071848261671699,0.009744032038924802,0.05131119588260624,0.11971372485106525,0.1546445882132065,-0.02625102883635505,-0.011298933111882811,0.0706599974011936,0.07196393421906265,0.08212971828275813,0.0439639275097549,0.06401374010434459,0.027866531121848375,0.06125367424979846,0.07175881126450197,0.013005197095478649,-0.08521726026547209,0.04732561783600283,0.02002163511883646,-0.021484388656370684
881,0.046735052976347946,0.10941024672838033,-0.023124027013098514,0.04607553992047212,-0.02711597736954772,-0.030537307702129313,0.17063750305121342,0.017214317462865485,0.07957161461416501,0.026439291221339662,0.06004657991056598,0.03911991477544141,0.04022204442973939,0.06768357856543299,0.06393564084391927,0.04587139826002488,-0.01136899035327558,0.09421813193536803,0.03175450149080533,0.09740117627944829,0.06870785085113591,0.10847803962114,-0.015607990842243883,0.05729462338188054,-0.017726478809810525,-0.07628973996856268
882,0.11647749128226699,0.084465662274552,-0.0025778959359023714,0.051004591952532076,0.06850401078064478,0.01981152092389769,-0.058572795817273406,0.07089140899397388,0.08455180566302704,0.05819672850727945,0.08188861861113172,0.028771364127224475,0.09364140250224658,-0.03844791029127381,0.1722296188334248,0.15577031206865585,0.13968071867929685,0.12411168862660311,0.04848059341111971,0.0029441854919729504,0.1244594862549507,-0.01246157876263565,-0.06001681584849594,0.11087674158639654,0.02093460213224842,0.09760836316356443
883,0.09469418278179846,0.05647319543979231,0.036861251178152685,0.00867685730669084,-0.05626502409868417,0.11518249093255106,-0.0020980260958271546,0.04836910491682461,0.014869879451507603,0.07870923002160675,0.01817164069200561,-0.02087411674646633,0.025686837024937532,-0.03700037590417279,0.056895375560381656,0.060275037416421,-0.008749508039204415,0.09417770335102765,0.011581498853953561,0.14787600436297735,0.06037104146208516,0.006511564458636858,0.08012220164233237,0.08205182046306436,0.05074096115718918,-0.009184856455922485
884,0.14773711216623417,0.07077341662239937,0.12715867935097455,0.19270422484849012,0.10473620225841455,-0.17345788712354748,0.10422117856107595,0.11755638351333182,0.06567626802198025,0.11179582017154018,-0.0015422451092766219,-0.02112635341180158,0.11969155365560587,0.004599764444634317,0.060998747147880526,0.0452337543477229,-0.006410649818018903,0.203569053371577,0.10756965020835747,0.1398028701686262,-0.009801587288410185,-0.01895992719220017,-0.02986247690936228,-0.030402633907631465,-0.04544204810476412,-0.13201246365713132
885,0.05476004158678177,0.0845422043484509,0.09554561232978848,0.062001174459940314,-0.03545923257081492,-0.08910364417552648,-0.04172911533865411,0.06494597558433397,-0.026413800667333082,-0.03591846521804579,0.12244720083536008,-0.006708594702588092,-0.014114134718437588,0.028812709855940644,0.07025637299217258,0.06969724486359119,0.11293031042796442,0.006387550495561685,-0.05783229604378768,0.06347488403377817,0.08055835969723063,-0.019190371050948896,-0.0957040271523298,-0.02597908306801644,-0.04491384832288633,-0.023769752402804933
886,-0.04678773451891947,0.051157796971769254,0.037992717387334764,0.0061418010359685265,0.04717130043028224,-0.019644987629609183,0.050497715189282144,0.07158718911868867,-0.04254073238078674,0.06755061955501605,0.18001253675850976,-0.031016435181438002,0.07062864613667379,0.02501896181926483,-0.05502857563307105,0.08567006229245173,-0.0030137897867814623,0.14866594822785617,0.016551549091057976,0.029066482829497902,0.05363198863054609,0.10427267589055705,-0.054209184807341826,0.06630854805392276,-0.058445009327822726,-0.03013189427680043
887,0.009751000305865084,0.06564313775447873,0.07466415692158145,0.02249286836562146,-0.05086405037397346,-0.052439490573526426,0.0036393209962454582,0.08220292914791855,0.0014179449481604251,0.04457444387699518,0.051701429119144104,-0.0013075399142371362,-0.03958914942135098,0.05512518542320146,0.011728181480863353,0.05915278940580909,-0.12783947427121986,0.055408463488258564,0.07854092407434253,0.01898449960403224,-0.013009112557850849,0.037332180960361894,0.07030686447309648,0.09530478619858303,0.05800772290324404,0.14178921005799022
888,0.06597759312892532,0.07088408840926563,0.06585775986608823,0.0926275104966389,0.08912633158840244,-0.14081630199651538,0.07905474494846414,0.06603035845686045,0.1403258509645357,0.02535657986840687,-0.011900468096922615,0.00040080249608400375,0.12791709209864824,0.00995133701900643,-0.00691469825684321,0.09580859710339075,0.07681812018065225,0.126566399322481,0.10113277942382635,0.0586234873317506,-0.020507146623566785,0.03703578268537159,0.10820427935129234,-0.06862811082521486,-0.019388220502203308,-0.06711073814673509
889,0.023470743552088353,0.07809974715803836,0.054625407624157886,-0.02773709029655617,-0.009861565728724061,0.03324523360810806,0.0542947098839542,0.1033476252344868,0.1112504524778205,0.09572185571428445,0.02437573301719805,0.015130019411556062,0.09339377478981296,-0.029514345611090325,0.09561476997137969,0.06298471194346883,0.0811167188568207,0.016615909876272112,0.08273703461491778,0.06447450496504799,0.04447283387490231,-0.0007776646302201469,-0.01324228015489006,0.09858090012159038,-0.07525808169940511,0.128897248560601
890,0.0035786466995724555,0.09860654578459459,0.07947717686935185,-0.09439846315297941,0.04804264411267926,0.027652561386279972,0.03722392934127953,0.03251126061554144,0.020502110847166355,0.07895364916980514,0.024453703071462274,0.0501021099453647,0.04360738133978742,-0.011725921183833735,0.041056393625189945,0.028206235236842753,0.08017714469574862,0.044743499784500505,0.03117038853403457,0.01956438124698351,-0.12353834525256918,0.07194712039478147,0.04500812244521033,-0.01498270210691664,0.03254040312013843,-8.00643439895863e-05
891,0.013211700253110876,0.050575993468150504,0.03524037785562413,0.04397718194261465,0.04927798008408076,-0.07008977007063173,0.0361127615175262,0.11389560281285409,0.10063998664802502,0.038286827682345946,0.09954056431148851,0.012259072934910353,0.10709865326089586,0.06772446216039152,0.04297114049746801,0.08642875037337207,0.0018593295531499545,-0.04154569149623718,0.10227242317505031,-0.0014958475527514319,0.021316297172182697,0.04173256548050704,-0.06321581269315217,-0.06593530209288499,-0.050385533460825804,-0.0718874249348851
892,-0.053003120799971194,0.03428571863726456,0.040001619673228295,0.025071509682626652,0.023536892498223532,0.04481414181841779,0.05841634120045928,0.09957456709415831,0.04958152653559631,0.023968372539773908,0.02834956444138681,0.026931444885490152,0.05070664058500122,-0.009314855171095038,0.14160826882645258,0.1305798526372676,-0.034749730146289314,0.08572474473855318,0.019920278277540653,0.11793387373191362,0.13599799527187575,-0.08248079589110285,0.04951202211738431,0.08286880699145538,0.10268089453542455,0.06162078099605326
893,0.11429087546001437,0.04364577760077328,-0.014340371094215598,0.025709010864491216,0.0404272381839591,0.013735840716384895,0.05100436455021636,0.13279106365494125,0.01122956624489857,-0.05382595696350192,0.14635398301316976,-0.0068989993305593,0.022091785464653457,-0.0333803872121324,0.028313689208948077,0.07726654375566788,-0.004735702900273531,0.04372689091878784,0.111597333812218,-0.019484697411384144,0.062056460300827974,0.08987246158587092,-0.04270034416167443,0.0378685066229526,-0.004332756546450063,0.051425818365247414
894,0.0021434699390960876,-0.017768456086130757,0.005083377483327674,0.04972074911028559,0.08285676807708044,-0.18234540544989128,0.0410544554080716,0.0895353554761888,-0.021235540009823955,0.048956115252749344,0.023961442978380803,0.07875659188929501,0.03481300091799835,0.11957186584624784,-0.016206199153184237,0.018373138490554997,-0.01989670067365427,0.13831229402539988,0.06398161971432292,0.048156828504237005,0.1707845921987596,0.02709495753219604,0.02081351120096227,0.01213596139623117,-0.02822542463874968,0.060894082165377186
895,-0.029792754265405102,0.1261912352740208,-0.01253866899858097,-0.04504198736650052,0.0040074731645769095,-0.024878281902657506,0.1073283751697926,0.11137789277304166,0.1357629482289374,-0.08190930734867696,0.061949626996176996,-0.044976930150491236,0.05329596751623093,0.09350016837988794,0.04840971087258994,0.0791215158491234,0.08575247446339007,0.04508171306337583,0.03677502538508607,0.026615608595172424,0.08097164928648758,-0.014864139766518014,0.06295093194213897,0.04068826688312884,-0.05723039769835425,0.11480508087970083
896,0.03547646121882516,0.04893308946491951,0.11049540910958272,0.1406952871638925,0.07209614682043568,-0.02599371277017659,-0.04370208572758272,0.04934520069951859,0.038289372712618674,-0.009472420843629018,0.0308235214283325,0.0017729916020046512,0.1241613519688725,0.030346123947283532,0.07280702162040105,0.08374372930398316,0.1393737796799366,0.07401205851718573,0.12052722840183676,0.15058576360356404,0.08333068250034455,0.04858408586575147,0.023865440964707402,0.08224216138117495,-0.005608815608446356,0.021859995198970528
897,0.06565200137186007,-0.053223907084925824,0.02452866856007615,0.03283231363107553,-0.006438525503524492,0.11852142240128466,-0.07322709690880815,0.12203293293767174,-0.0526588004803862,-0.024073141095143802,0.1389158931912011,0.07311178720335111,0.03616875988839977,0.10913735441177581,0.0958297000471418,0.12946404400089004,0.03808482598222288,0.1256199411459943,0.008415989585048671,0.20632994146023018,0.058894552345984896,-0.01923016030441312,0.008016719897904126,0.04887695422552348,0.024598119713974093,-0.02125364597280921
898,-0.01805116844952944,0.03780426587426612,-0.02610806260149734,0.06627925140264933,0.03292670372885024,0.1807617518993866,-0.07906220555504993,0.09892012938229096,0.02106949278752849,0.06194026631649578,0.012599105278120507,-0.10364509864980061,0.12326129301743904,0.040859268119069224,0.057140351547062304,-0.035047622129185864,0.08559241722614508,-0.025086087143259845,0.10840964312050606,0.12906397174504308,0.13064411141935772,0.036052830429512094,0.13251835252912625,0.048302898474619216,0.04289638802110659,-0.11531244095657106
899,0.07569923168572462,0.06469270606920641,0.06634669000048672,-0.07147239689118973,-0.04137102169318483,-0.008271323548080228,-0.11211717510179225,0.12733759539621742,-0.017421284704828215,0.12349637090991213,0.11312849749337513,-0.030976390558234722,0.030787687288799825,0.05437517665437264,0.003817526070908758,0.1172888111414407,0.026919269559084302,0.05049194205593601,0.10311995678310099,0.06887154102556846,-0.042556093067776225,-0.07441841477216203,-0.04308026477804133,0.06408390852845951,0.003945340793903703,0.014989673182228805
900,0.04749280710888939,0.028069912160922066,-0.017095832045034155,-0.01712201590556543,0.18057523295445546,0.009309516170592317,0.06415765125362939,-0.013112109146079853,0.08766168085312344,0.033573770556168246,0.08779697613684323,0.03314846717515466,0.040542282756833616,0.043917834411039525,0.09304232364874998,0.12341968088021142,0.0005836035281969373,0.10417833880238303,0.07044488164416218,0.17594453291471646,-0.007777430020859104,-0.027604527922206152,-0.11488177766669005,0.08420478312996854,0.028455523632924806,-0.08767531807593211
901,0.060024982221380696,0.05214875829272123,0.06174965740073868,0.11216546806714474,0.055347189694149444,0.046564873316389886,0.0828484351580796,0.07858107461979451,-0.021755126424576682,0.031703679881609416,-0.019249973968619993,0.029390129930345694,-0.016161230970105578,0.06990685169124405,0.015708059688901727,0.056125496361472946,0.004683952631130935,0.041256122242796324,0.11020295709681831,0.10114987329608122,0.1481923297680889,0.12535227063247253,0.03481164875612974,0.05268730329115149,-0.023979811826858544,-0.015182129659937982
902,0.062032324423954455,0.056436460622596975,-0.028415068610441407,0.019230104626299187,0.030885703688406117,0.10791813269946149,0.0107749091700954,0.01788533735156731,-0.0185419714477692,0.08374486880367138,0.08371263377379044,0.09434544434353759,0.06420045147851587,0.05778403676702848,-0.09684844180581913,0.09933425901548258,0.003367297492647655,-0.0324094141874516,0.09530231035816006,0.04902167774444292,0.09658356436416138,0.003721192088130783,-0.12220442218304105,0.02533968910498095,0.06530896421342967,-0.058127061861004935
903,0.0758185116097712,0.09890080955457296,0.1108454345237807,0.009508496252479978,-0.011451051088956166,-0.046693483635073176,0.013784387656392321,0.033704922421014374,0.10573691751392593,0.0269579752790976,0.08191176006838852,0.02799531337582269,0.0664800333720021,0.0073131745049608106,0.1584894751499536,0.0032954368570378145,-0.015512112394166352,0.08410950989773065,-0.04310497392914999,0.05006626391865506,0.08319697932317154,0.00853591080536916,0.02305951144266538,0.027150952420258778,0.008972217911983901,-0.004282455183428124
904,-0.014016314195157512,0.058601480306877986,0.07383211447171634,-0.02469780136106988,-0.010244583248534906,0.07167998532637854,0.0028871531855927017,-0.04259172791854782,0.11470885840929913,0.07533001898518003,0.007529151179643164,-0.026771174113097134,0.0012862411441515267,0.021798999360527187,-0.04536426526859542,0.050786457615780066,0.09681262274509152,0.10166864850168254,0.16176307582694047,0.12063216553040827,0.06651134183763226,0.07586901864701535,0.061397311776593466,0.01949583916599344,0.056762133022998075,0.12095675322095717
905,0.08624380143833155,0.06246646976842437,0.03078825178224328,-0.03592394917658548,0.08859724405031012,0.08733250256591207,-0.07748262840987578,0.08494607126541041,0.04067988797132991,0.006100419749390776,-0.029424014547780784,-0.04435868447312682,0.06352517690340424,-0.004842984660327213,0.07038092575046047,0.01726644894840499,0.08605778573558376,0.04404786220631707,-0.0032644810401692616,0.007380580698023867,0.07075610985815901,0.055742802561400996,0.04379572781601676,-0.03244437687066252,0.037890447536998474,0.08385402074306669
906,0.08380631701865766,0.0019240543243169337,0.006191974534186351,0.06260557484200457,-0.000688759403116505,-0.01426178911080006,-0.006298605209287415,0.1327759412116224,0.02701927409594849,0.017216915867647252,-0.04679575772282457,0.0020110828353295993,-0.012240295538791263,0.03919145148147768,0.05588417505845324,0.12584859566759324,0.05412875466407992,0.013291451335909293,-0.021308506585118847,-0.008599631286534645,0.05654902828170485,0.039773994986759785,0.03613058022678987,-0.009628517271190701,-0.005765610245133927,-0.045234831133499354
907,0.10479794953804955,0.07253001707244372,-0.05504269740415563,-0.04764694007707263,-0.10436485017171622,-0.003458738521926982,0.06291543146071536,-0.014348758131953836,0.05967683950170823,0.029926824465634976,0.012291857977679954,0.09665108722236383,0.05063039359750795,-0.0231833854458454,0.036748507219708924,0.09065745699675186,0.0965243216523853,0.08771580053906747,0.06697584330203184,0.19302196730437074,-0.03521976364310814,0.06340442648599764,0.0009567314544870476,0.18663214286604182,0.06501637834511753,-0.037169857562805164
908,0.057635033983480986,0.016362432200702364,0.10328755293888799,-0.0808820401353238,0.006405120266319156,0.044621293802378524,0.053912419044278126,-0.03602194289429361,-0.10545987179780379,0.11884156447508006,0.08088375399342362,-0.005240496485760082,-0.058335416656248675,0.017402385107847418,0.03311176242310887,0.045851578394290236,0.08530978776440967,0.018748834956228845,0.03514398233382728,0.09761092793207916,0.11476491140880134,0.02459995039635704,0.049884439686817196,0.04894238034437587,0.07841750060904629,-0.0522489003439491
909,0.10412438432480554,0.00032514439582938693,0.05744313434924738,-0.0023976284908536947,0.028996556770880606,0.06213899830395253,0.12368617778563396,-0.034659779205911345,0.049110159132922916,0.032381789089590975,0.057021533350577615,0.032611094563391584,-0.002877557218639841,0.0037746247207855283,0.16026960888637914,0.045269028262311085,0.10415673190818224,0.08702950421871158,0.03664576912331097,-0.04833846008998414,0.052850500046171665,-0.03865380809089081,0.032503442464625255,-0.002916111562758247,0.01756823629774832,0.06837418287183321
910,0.16756548476582114,0.057263505793740975,0.13054842323917804,0.06824611141724113,0.08550673096825114,0.01846100858653153,0.052042169311431,-0.003165461319481681,-0.045332945751263454,0.01095020294802233,0.05469429061175004,-0.08835077441826517,0.01855810316035426,0.022971477701758596,0.061445467132559405,0.1519547343135311,0.03270356514241914,0.04522712705953439,0.05041324071162867,0.04946522151436102,0.048466032071245925,-0.013412888118947086,-0.06960684768286063,0.09868858605868658,-0.05052426620704505,0.09929053084026819
911,0.021962811313559687,0.06627428768068892,-0.025079724152183736,-0.030701355867137292,0.08576063385745401,0.030646808484102617,-0.04546352283767787,0.01895067467663734,0.024456237653140235,-0.06957923079877266,-0.020775068790938322,-0.015602368196933595,0.042066642932161856,0.17217993513347032,0.0028056960362443095,0.11149954775728499,0.07586079776487793,0.09632876937301017,0.0996472631030939,-0.009159028189158463,-0.01795663360886257,0.12260784344828883,-0.0022366443408803525,-0.005349161357533568,0.01916634509909822,0.029816632101614615
912,0.09283758765010235,-0.01343971314519754,0.0031598619491043185,0.060762702247985044,-0.0035888825649022706,0.058350232752538034,-0.06307588134815656,0.1205318844913587,0.0018329945459343118,0.057302916838211614,-0.029158787085635483,0.09025000633219328,0.07408087701505879,0.03938735857790101,0.09380638677183895,0.04052261525494895,0.0300832051576501,0.03511876093069699,-0.002790386731014949,0.05368381055038927,0.0712305823195341,0.07539314599564191,-0.03585628893602816,0.09372476070250658,0.016413326593635147,0.10668196670083298
913,-0.0029684463222311806,-0.021292537745173555,-0.05718153936152485,-0.03631241852922551,0.1584938315023599,0.025261372998294562,0.013411550214830998,0.12068548656260036,0.04201348052657424,0.07315377211234286,0.02430409787324065,-0.007339539527832098,0.01576241192959691,0.0017879528720409765,6.61028526997749e-05,-0.05136255764048059,0.02250718403019843,0.005215001638051959,0.028269103728132405,0.07371803897831332,0.009652334908487898,-0.01685758251304037,0.04319887961337517,0.03286035698232372,0.05858163120961083,-0.0054014387298327495
914,0.08590053152694473,0.09114280734220591,-0.07344012412615408,-0.04753558394857712,0.008345505700313227,-0.15390060432944083,-0.09507515209256732,-0.024708022543620162,0.024857991094188032,0.08743740806164028,-0.0108206885989204,0.038894393574282184,-0.03268842318992513,0.029819328053610927,-0.0059853311587985125,0.13690370226973964,0.0943627143513322,0.052815927260417214,0.054442700300329036,0.033108063111488194,0.07964081071338812,0.04529461283624423,0.026109550011758687,0.026434831476162508,-0.026990110963406273,0.024505962959005218
915,0.1447400519000844,0.031912871066523074,0.023619808629076127,-0.0324961379375189,-0.05203593177362109,0.06963364168997499,0.010925175128320086,0.07889849442144521,0.09271694123754144,0.03767448557723602,-0.04748577883726449,0.02638196825438242,0.016618347851752535,-0.047809648242841764,0.01800881644674982,0.11269914334991286,-0.017632138369946426,-0.0017436824762928254,0.040610259062480225,0.10327283863992015,0.07253768481822255,-0.003492374350294758,-0.0851471081318153,0.055842495367767864,-0.004857230640372837,0.036496199497125126
916,0.04968566333276333,0.10992337552734588,0.0917899055854731,-0.036267901653846524,-0.011189343436397103,-0.08588315086768272,-0.022579739985145158,0.11293830617857835,-0.011095769968237449,0.042091612960172,0.028293187378385043,-0.03026166708147232,0.10147443216409265,0.05363635704166372,0.04174525088335995,0.039934030242077034,-0.031267009785617604,0.0777596650287738,0.04591736232717243,0.17967525024261607,0.11340376367445308,0.010946573664829892,0.029220649916421,0.023108930680133553,0.003916933598691625,-0.004522868966801041
917,0.0023598677087785696,0.01853235566111148,0.08163765504371677,-0.012291553563064475,0.1548512063148142,0.10438530160375953,-0.026504091067632816,0.0919495308296277,0.07387691319880667,0.10511009388158793,-0.02739520430086963,0.007707448520750115,0.020717833670889325,0.04980017188274144,0.07850914205408732,0.140628879671235,0.02865434210473402,0.11349401607790471,0.04392015504186938,0.09978491000932803,0.0728877745769011,-0.11645531290218657,0.07522894228082612,0.028173292831652336,0.0001602646613552694,-0.050153900852874155
918,0.028913938526553013,0.06862282281040166,0.05240687195562088,0.0004983742538588278,0.029697567604843027,0.11363861375398128,0.013104183348063922,0.12263610790136008,-0.01869495084966592,0.06307280125089261,0.0038108542873273774,-0.06526030598807762,0.08132605659801932,-0.03242396504309131,0.021711958259941433,0.09513216218544525,-0.009668457741498382,0.14306501646310868,0.12424894209161723,0.20072846238540146,0.008901913802807915,0.0420639957965168,-0.04741277033959932,-0.04067151419947046,0.06345617650142939,0.05773033668653309
919,-0.08324610875655554,0.1149853432352997,0.01338597051962968,-0.03934325372356166,0.046512391324700406,0.09554564983622711,0.14944656611589396,0.06882383450341452,0.02519457938771147,-0.008190854953952184,0.07120911884664337,-0.009684759636600185,0.029620148719924265,0.04558884883557425,0.1192183124716829,-0.05455519473925121,0.03903020484000367,-0.021136774413295163,-0.03775322030163177,0.10838432566666019,0.10420423539516331,0.04888585828563482,0.027409252093226533,-8.925888052132213e-05,0.05155280137819448,-0.01642324740563289
920,0.03816090421735084,0.05081065794606365,0.014113374973218481,0.09853031205714825,0.04992194463425398,0.04963683553604329,-0.019095784723066517,-0.004451029901112569,-0.030219627296842206,0.1198464912296082,-0.09804411396776248,0.0010307416184649292,0.059526531003002925,0.037206416850152614,0.12966761384304948,0.07840356944694593,-0.030786761226953764,0.030714285448027068,0.029025098217170198,0.025837344480490725,0.04260949862362614,0.04636148530080114,0.06298068236795218,-0.030104735018173085,0.04270835783983751,0.05592182240588328
921,0.06415570163434854,0.03170690721059177,-0.09260327806117152,0.03401518490407603,0.06944385373960611,-0.08269812254767117,0.11291429778777588,0.03131412262507908,-0.0025952386440153043,0.02145098003744154,0.07149633822443145,0.11871848684435193,0.06821114200630563,-0.023859215324704235,-0.036600636497411985,0.10222960745787817,0.028339460000801658,0.042413213006883055,0.1162294800804949,0.1022617853656717,0.05192866711296967,0.05743567892058756,0.07517568690642146,0.04916327062047623,-0.07861896343375492,0.06200860157394221
922,0.08392031176838832,0.10237860416589,0.07907072326850118,-0.007495515272280132,0.11025307139313918,-0.029184258359059634,0.13271452598544584,0.05230141253501217,0.0441371712608889,0.09221598773948736,-0.04233703176245942,0.07191339812278848,0.07453732678201559,0.024858127514339877,0.012076099038511923,0.08906673903245015,0.01731505517003488,-0.050377459625161526,-0.04096716532712089,0.07446406064560906,0.08255907120099577,0.007580254558434289,0.06081869470226816,0.05724764424259299,0.008152211688108719,-0.03399724012665941
923,0.1159340014316167,0.0910195447097824,0.05511423102461025,-0.04602239401802092,0.03929191389618841,0.011143140921251144,0.004063486666918655,0.10228414866494406,0.1910674332852662,0.052709972073926324,-0.0025551470978651767,0.07721247736234658,0.12796653656738352,0.045895841877661124,-0.025669708565260147,-0.007905728415993907,0.07591301095413427,-0.01775143213299163,0.02836155501998553,0.09931498780541154,0.12875939200981176,0.09447343597321357,0.043068667754493105,0.02942011528224329,0.02778181105685871,0.00863257444179318
924,0.12141402856554818,0.04307112544599508,0.07105896129841494,0.03781980760309709,0.1481197886769249,-0.04577427730546968,0.016831277124745598,0.12272493667066929,0.05511827032890008,0.005816175088462142,0.12463356124887759,-0.012572346813564745,0.04015259560467791,0.007367345047565069,0.09331340127684994,0.11002874882622464,-0.020893567246651777,0.13228975489656336,0.09133905244746508,-0.022827699037713867,-0.021939938523689546,0.009025241225969687,-0.0192242130315264,-0.03150862356361724,0.007941173887861013,-0.054870311002759464
925,-0.01906443127170158,0.07149970927417233,0.015435749921650255,-0.02409633563250359,-0.02398296026185568,-0.019327682496638948,0.09600991891159923,0.025761613322159687,0.1224812768797976,0.09634801241883288,0.06418773191213051,-0.04635027269819597,-0.01646096023165089,0.024482982378273233,0.031230152506784514,0.06078374277844482,-0.01669365322847564,-0.05509336910040824,0.05276536438163171,0.0891215634624493,0.007722360077732119,0.028661684685409583,0.03533794699385243,0.0013388194318132611,0.020846459735494982,0.05296838850473599
926,0.05513527949895738,0.05655185515105717,0.05182809118809004,-0.020929053868101326,0.07176619130931246,0.02395051968798695,-0.05530324343541317,-0.046746489325065144,0.06872939881556206,-0.03377941389101354,0.17106886159319376,0.014309413122066942,0.054048541240155346,0.028468087143969145,0.008588942323264051,0.16076956748493582,0.10732226069024002,0.04956493742171488,0.07947221940586807,0.07816149847210767,0.007983252419833109,0.0662794265721157,0.09883097047546818,0.2118919313921568,0.09766218900374135,0.05722330048160246
927,0.036597612442464046,0.1612633831414644,0.10353278422073652,-0.07207045513186212,0.09422668274889767,-0.013763208382141548,0.049883534557222796,0.06527401990942794,-0.006985395862525409,0.0872577974931784,0.016133867858844558,0.061527426981565526,0.0530270936376781,-0.008062983311259448,0.050977445044009764,0.07499534026131714,-0.02051248500740525,-0.039549217136104244,-0.0032267690160565263,0.03294340074586394,0.1311005552519963,-0.041519452950084634,0.010102431819407565,0.08904497991952215,0.1117377591352579,-0.0004856624322704395
928,0.08279856230977066,0.05371733938414828,0.06799487425564703,-0.14769454334600277,0.17070640871546758,-0.00966334295709905,0.06533055962647699,0.07856860109498803,0.01613071382187059,0.09396807040953863,0.049036433839047155,0.09558226156542587,0.1463008830350833,-0.0003967592176564727,0.013235210654880258,0.093701587858326,0.018096595117338597,0.08512741184541828,0.09140324271393037,0.024592946956737433,0.00117509969470834,0.1639560276689819,-0.0037387478113391492,0.013545665397319162,0.03020161751827155,0.0348547459800293
929,0.09220007866376596,0.02919241781901436,0.02804370859970438,0.10214769606608741,0.0931558785429225,-0.08087129557394368,-0.07337463424965833,0.12317358345513867,0.05819272566709529,0.02128175203487261,0.0960622190329583,0.007782962106366309,0.09085938558321449,0.06901744246721236,0.09179185161115043,0.03584665152685895,0.017865499055486806,0.08820094360739195,0.019003214817022922,0.09940691940558606,0.09064179660410931,-0.03592635488318182,-0.004275152410113003,0.055489621151131444,0.08155681993012776,0.01794710075119693
930,0.07235340069114653,0.04691538310645079,0.0051222549622194444,-0.025654728835943313,0.02377138494921475,0.06698332020582805,0.032810399287545755,0.051593878747096866,0.05639036320607246,0.1176626510298099,-0.015565887359314523,0.07866177418751681,0.155907191292402,0.12920024574944758,0.06313223535909185,0.054734866518507674,-0.012810998252511677,0.08182136087467862,0.08075320591478426,0.018511848685130266,0.13706777683399066,-0.055854977283204564,0.012396012989979239,-0.008250513407093743,-0.013599153376812204,-0.026220228136756098
931,0.01437660748523406,0.1103511598358294,0.0044308110780540795,0.0057454348044707615,0.006329986402264214,0.11610187529932015,0.0948609212060783,-0.016381100541612164,-0.07845971325248695,0.09077428967898016,0.07824268962899217,-0.05414840386685973,0.0038705118861201244,0.09997391414461204,-0.008377597777935675,-0.019714582463416768,-0.04720209360585753,0.02516320029777867,-0.003877949708426069,-0.0325868941295703,0.08968573591630336,0.07648849694637332,-0.04377768869530733,0.07416632826964153,-0.04156450688475399,0.05842158939957979
932,-0.004203506482718444,0.20199856593811996,0.10577174991046606,0.057660091211732545,0.07807247351077384,0.04276018429925562,0.027305659051475306,0.0036282872607340533,-0.007081832309283609,0.07555444388551706,0.04576190904797546,-0.007819101325465741,0.06822017003182916,-0.019868492706910063,0.038924226430087305,0.08733661372712898,0.03699681510234117,0.1443557315575608,0.03964365674598965,0.09641135721783166,0.022770874230973716,0.05730018464444209,-0.03813580448929118,0.034713276899116276,0.06556689158201072,0.0062341100219934584
933,0.01926832876013888,0.11621217676420365,0.08188690905397196,0.020373692225599004,-0.12155845976504942,0.04462315902424996,0.002354867453921994,0.07814753214053022,0.055081303493564625,0.04671790976507536,0.016373177070707734,-0.008300188986025117,-0.04464337377148279,0.061001470893599107,0.11959084103578872,-0.042352774307062045,0.011851808798629552,0.1019342224671617,0.016283932674626318,0.11800756166807308,0.05040188061951023,0.10587995074577321,-0.011770275994994825,-0.012768816851458567,0.003884203775064747,0.07173087081560704
934,0.052617270178968355,0.07592238490708177,0.15063125323282953,-0.06821750828229028,0.008675611415341622,-0.06389766982494267,-0.0932443415233271,0.0532964289775882,-0.027222943372331294,0.10939147216676702,-0.026927991349460317,-0.0007024387692934524,0.07247377509296325,-0.024305080252345807,0.08451194772448158,0.1528161295365543,0.015992788903617418,0.05534956789656814,0.052982708859769835,0.0020034394649065344,0.16238241239034035,-0.02008180576345875,0.0416135870886834,-0.019282681760707132,0.02660518451602926,0.06455685558659212
935,0.1159029763522752,0.14260014306500418,-0.10497413505987162,-0.026453447672311132,0.011528659809762847,0.05255176142497695,-0.07902950969972676,0.04817147218912182,0.04168745046158825,-0.0314783194131429,0.003675792087076024,0.022663956115396417,0.1208195188980508,-0.020922189751223563,-0.0343654994386798,0.019570789661078836,0.031240649010254917,-0.002468116511941343,0.011673320593405442,0.09267989686215193,0.03099056395350417,0.024448301787684423,0.041654435469623365,0.07150574915151153,-0.013827711032362005,-0.05804746891331527
936,-0.055959322610196614,0.0815812134231514,0.073623250512579,0.002909431877789618,0.08677831688471394,0.00894855834785622,-0.0069897254156743305,0.04078208445626822,0.07221246561387139,0.020701208437130563,0.026681857913314767,0.005962368713977299,0.06128791950184603,0.0928796144768959,0.09167081196082116,0.026010653043093357,0.06206109362025369,-0.06639802866695932,0.04219519572383079,-0.05374840097861686,0.02483615732252605,0.029874615839944347,-0.010218121444014905,0.09313493123334286,0.047601585094804465,0.010443691460850852
937,0.044238235584868946,0.11801729092050887,0.02155834729526729,-0.04917579172211256,0.0029703434257872434,0.057806202290764906,0.09693198839853713,0.059836999232171006,-0.0016998947910949651,0.04794790058867695,0.03579330782975828,-0.006136430381372515,0.036993025516097434,-0.00488476845624782,-0.031076346379372122,0.00983019021990191,0.054553588007805555,0.11571096132376361,0.03366117808638924,-0.022269485126710103,0.1022538614070001,0.09240309330182707,0.04060577728416618,0.04834666732264168,-0.0058312078274659705,0.04941392079528332
938,0.08298257923378684,-0.011773502433168936,-0.003223338467643111,0.09957992856802039,0.12323711348892159,0.018266777546135593,-0.013015493175101644,-0.04602393707737327,0.04355131235804477,0.06646780025385339,0.040641906115430726,0.10483519236162707,0.02015973128895761,0.004915728617114312,0.04938550784459245,0.029655796432210575,-0.07672016716555034,0.08669342615500449,0.11440618486227733,0.11546302482102642,0.015311522629579428,0.028434609032898923,0.03889932040296593,0.016143543823750793,0.03664018220105447,-0.04864542946065392
939,0.007968252534724255,-0.010162466651628232,0.08460197176289365,0.046457972796579004,0.16283650712099387,0.14540761541245392,0.018979744313080693,-0.00350624711027366,0.09484331506065184,0.07444988216116155,0.017570091359399242,0.028337858771082896,0.0659613049998478,0.02587224986908813,0.038690126758005726,0.10647029455579078,-0.008637494800454318,-0.007389928137882566,0.21588229834482098,0.03420634631493088,0.06131868132307596,-0.009765753794924484,0.06704987844612358,0.08678648614286039,0.11092183681269564,0.05886035931007192
940,0.0644030222838215,0.0780380150527898,-0.07622142736918362,0.04255821451085673,0.12052592927894223,0.011874260182873075,-0.079182694695398,0.10382433540037778,-0.006451340562954304,-0.01186986763906872,0.07107063269484669,0.10690408631559227,0.10377586327461095,0.022926012787317762,0.04835942571859342,-0.028624356679656793,-0.0737076126886671,0.028720137642112637,0.10175465708433133,0.03339387513400623,0.08471425312568537,0.11236674431186938,-0.05057066113954132,0.04069168032651049,0.03605578491464869,-0.03928609625863799
941,-0.05404585802117049,0.06664236911362593,0.06916309289786715,-0.022634877462989606,0.08443342698127214,0.16201884513669898,-0.03743178117517052,-0.08026128442180358,-0.022638658873610534,0.1130034762948593,-0.0044045544362440086,0.010876885497573449,0.046027148201109314,-0.042604835341134205,0.11261732025092108,0.03260371021180958,0.05465683082276054,0.09571920504874971,0.0820406485420337,0.027764287492310042,0.06608062989225442,0.05911188423396244,0.09538495564376859,0.03688626391883456,0.01862210073939624,-0.026302371941251734
942,0.030069098132678697,0.00699929202344679,0.1390297931727002,0.008682508440759221,-0.052586806366358894,0.014157850516451687,0.03196412010322225,0.024133071855067245,0.17369469441917898,0.08071415574048486,-0.0398358805780453,-0.016380206090472565,0.005273386296883786,-0.0075186992970434265,-0.005620446929811063,0.04142687966793718,0.10855135335841547,-0.023281887223916647,0.08754304917450068,0.07013224705955279,0.023415565618898442,-0.008089199245914409,0.0317422359472044,0.025986241561254952,0.08337813884467309,-0.07818555410511567
943,0.03296185516982255,0.0778231434245761,0.027143356616536257,0.041562899122227215,-0.008592884430642045,0.046828492538136625,0.01908822608513805,-0.07088091003692087,-0.002062626971514714,-0.06196200219427448,0.05914811140501567,0.0017313717618517117,0.06148630471155936,0.018520239673923022,0.021867639486617258,-0.042629493241657136,-0.0009732276456026114,0.05569451323968162,-0.01801951625307613,-0.10403766889137595,-0.036765000762477906,0.03668741249301973,-0.05623749705638611,0.024962113107132516,0.0394830089159993,0.03583563672043697
944,0.0512349110773108,0.061301884467023206,-0.033511295586208655,-0.0309639429438532,0.01890951045624667,0.08362343106691393,0.0710297082964975,0.06987636981460184,0.0995302888744241,0.07950573504429836,-0.07237839498580854,0.1996126531964906,0.11114587718002404,0.08991033777811012,0.14675327890129652,-0.023688438556115653,0.0028212514390966907,0.00858834698297902,0.14227506561006262,0.18669729138907692,0.010168902696837439,0.014491803671262921,-0.03425136986971592,0.011851194044685081,0.008974312676483631,0.0763028302359154
945,0.032951233732029496,0.09649489264334134,0.045514288769985665,0.021849681631224343,0.026154853487614167,-0.04552421254314104,-0.0014157512969537782,0.12485077559343932,0.05914668932367214,-0.08860723282286305,0.008080025740618427,0.03265363301121158,0.03038077698141084,-0.019907425650806092,0.12350789190839623,0.01604444275171254,0.06423546126506867,0.0921448579262391,0.02098560607257053,-0.07088037089039373,0.1307901431910615,-0.06625243182615048,0.03328797180848277,-0.018841570160799292,0.10093623719936673,-0.06888155300268854
946,0.04352482789313483,0.05513262171679045,0.01660614824637809,0.02598681449445106,0.025410671160736364,0.05754489203971336,0.04504245198008052,0.01937351326611838,0.0027856936694022894,0.02254924132698048,-0.014851558627953213,0.06204793102320196,0.011006884388342705,0.06083624123435812,0.03869361068401874,0.05390199018568217,0.10480711605188521,0.058167987216279395,0.08110185851555385,0.19815454796636925,-0.04539697622078862,-0.13266151687723593,-0.034252264681118305,0.1423043214405344,0.035045851933462324,-0.0388054894807184
947,-0.001012363171368195,0.09841844525633958,0.14398171361307155,0.0481010541656122,-0.02137251069559526,-0.06248173696849587,0.0849381062921218,0.11898818763484882,0.11635148008764175,0.044933979756833,0.029494549673417136,0.013005395192484615,0.05292409067363627,0.015627825798335587,0.0926712449678149,-0.09282502591528113,0.07369404951230407,0.03330394441276163,0.09831458180182241,0.020338202360739965,0.026563925045010837,-0.010824918213900045,0.018062434220546486,0.04797369802376644,0.025120156577023378,-0.11705280665919725
948,0.1354241379652587,0.11897449566272983,0.05160472734811169,-0.009466222970182625,0.11165320613236057,0.08155740771951796,0.02277670127760878,0.12394235458664016,-0.024413670406232435,0.05519819487337533,-0.0433100268760109,0.1366360467108034,0.10703653377745577,0.12306950120480702,-0.08967424355773775,0.09918477446739875,0.11062250562927427,0.06921268068651065,0.03594735417780056,0.009972794272847436,0.018252978310898987,0.042368580594930726,0.09994600169310403,-0.054816722972657606,0.010182402381368102,0.025045236056620863
949,0.040177109617965265,0.038268993088426316,0.0466291648371203,-0.017028923508430736,0.04531426416926447,-0.0171557014091351,-0.06888210252495662,0.08257496740057445,0.08347610660027434,0.016905505804848193,0.13938418185341114,-0.08329312302759395,0.03171207012368719,0.04421166789990851,-0.01908212430869492,0.016837649221428254,-0.004175669162574022,-0.04367969917107101,0.06420748856909608,0.06467420246187379,0.07347810425557914,-0.032437484180487586,-0.13203168197544762,-0.026297702962835123,0.011611882755746577,0.04771072567071092
950,-0.01814159522524683,0.054288340306454,-0.025285333293529427,-0.012170718460110752,-0.104685774654525,0.024857817311369046,0.032783155032696465,0.11837939238011508,0.14000272866887783,0.025632469566490162,0.02682140627258141,0.027170847062097398,0.10785343256830832,0.10623434165645013,-0.006441325428525898,0.027243713091564203,0.11765699403890045,-0.05937578808006814,0.024799200199588367,-0.04261267314427034,0.03211098612383475,-0.029142812220361414,-0.007267525943829364,0.025970022932016168,-0.035939364505125415,-0.010520873117829121
951,0.1251921005746327,0.04847496379861207,0.03351804602000008,0.07129046790441568,0.029884015115475965,-0.005470816058633199,0.04677833681942423,0.012736822621333504,0.11113894366782869,0.043701025906331556,0.028329177115220205,0.041211157472300385,0.025295121771332345,0.09577929721323758,0.10773300814762515,0.1981993401587984,-0.0439794306059396,0.040721557336885116,0.017576531570703158,0.09906627195569939,0.03254202394941217,0.022670413575669734,0.05201804532994244,0.07621808527464374,0.03437551065483191,0.10747930770082609
952,-0.014206142202832098,0.07531136794616473,-0.004757515864283819,0.04156194705621188,0.12645851755353218,-0.10884099734688181,0.1293793042034657,-0.014281609809626561,-0.009567719028423387,0.08128283581579332,-0.012843980656820223,-0.02828322540483445,0.0776109341201991,0.05304957878677302,0.1437594760978355,0.17745710076156457,-0.008570351770339563,0.010114591658919647,0.0025133458102489046,-0.019329515667988333,0.11920024164928651,0.04280737231308399,-0.10553210504821096,0.0005040870560399178,0.07899406812569715,0.04596995295334949
953,0.05038510414810884,0.019283457578534963,0.11561409776807091,-0.006674319905494349,0.03885453951184503,0.020414487369816083,0.024010821839615688,0.07090966811055223,0.07300567096489867,0.04159293210148601,0.08007425589463489,0.04588179248824339,-0.051886052032903494,-0.015523730084653168,0.049995300964968084,0.04035810142573051,-0.0193406310079264,0.012858406980266043,-0.0017892205457913923,0.10972531015106363,-0.00015197057299135876,-0.019898523169239807,-0.040902969540638746,-0.07175817970198779,-0.037881113307037216,0.018216247417603876
954,0.030352461448658254,-0.0384302871970613,0.12414846714050369,0.11584285127015646,0.0475907192281206,0.032894434755743975,0.1434664637164477,-0.004613615524331982,-0.009440594401175156,-0.009818168065895324,0.027912895580272025,0.025192114469761735,0.14275664896555826,0.02439107102886105,0.06311459193434012,0.013950148065104251,-0.017923483246849743,0.10277068367703247,0.12781719880927842,0.08280195331352326,0.011361191310560792,-0.018225396748758078,-0.042293749041260244,0.026440071832217155,0.041625505600656885,-0.0032465093175258843
955,0.059758337852048836,0.03420613601914703,0.06433819592959111,0.00757931704292919,0.003507191546212521,0.07405895740742925,-0.004776919450525108,0.08014906342344891,0.019053247925945666,-0.0835167897159342,0.06521314633538196,-0.0024341491872502674,0.018512753515838237,-0.0011849908106743208,-0.008323026744184855,0.047287999958760166,-0.008903639985893424,0.01781984058278885,0.060364452068231454,0.18932275936510434,0.01259871748508464,0.025575218307387942,0.02144565896293273,0.08874714802052354,-0.019794917367005654,-0.06088551694709654
956,-0.022382657399381833,0.05207776532875134,-0.011127917821875185,-0.04870435465409301,-0.02389300440629316,0.01754481208347347,0.01815201609166341,0.002853957784003122,-0.07957386323218853,0.09132194686808094,0.018053510447617938,-0.020407306232390288,-0.010609959132570993,-0.04875182508955348,0.08839088218808695,0.07325481719198827,-0.050665653868909165,0.018579920916338793,-0.0528357079776652,0.08010107512101716,0.05298766634753307,0.02769021682739333,0.03455740329890866,0.1215977996023994,0.05256757522037586,-0.055545549714333974
957,0.0846300997619668,0.1475806456001491,0.0704124689696481,-0.04692857682649528,0.06314730745891439,0.09298025273341294,0.03104383558526839,0.03777631401347455,0.05704409478193839,-0.0033356203820572392,0.06656051411107149,0.08317859865455073,-0.01675402803076753,0.07275242710382296,-0.018528934605046194,0.021955153578491576,0.13066549498227384,0.0762037541045804,0.06557347529798703,0.10143959938049195,0.09808426228313712,0.009527085072947064,0.10618741988244672,0.028905316185837433,0.020744192534016454,0.050462589907204945
958,0.02951189448894439,0.07514047636600267,0.12447892491744472,0.14387462202658893,0.01232552584136215,-0.014461933764578902,-0.01184135217992573,-0.039072938004893976,0.08643504435115584,0.07243516415223378,0.10264289213916729,-0.006187802113047629,0.05745306709789708,-0.03162031355476826,0.11966234668237857,0.06036009191976138,0.024558710534112314,0.11056135394767974,0.07672933900710383,0.1497573656434657,0.06057662397280633,0.007766037782427293,0.014284445033852972,-0.06584840129751245,0.013967514824331968,-0.07312364045290205
959,0.059944258344139335,0.02059612384229472,0.015564072947586365,0.07554223763613127,0.150564236248865,0.02989943992249805,-0.018843768563529,0.11371179941051497,-0.056089407874227615,0.05658419768977755,0.10296786170668372,0.06227144470101165,0.029444546858179026,0.0005910406323471986,0.08153111107733114,0.05123466398461605,-0.005793048116565243,0.09348767082035771,-0.005533892682705581,0.08528682781513823,0.0027935544066015243,0.044603671059865735,-0.013816174602782616,-0.02286968789531278,0.02113659019473193,-0.041890820540076645
960,0.11724226057788202,0.05297016833099133,0.058443184680045834,0.04238354225130936,0.09211390059411169,-0.011165972188215762,-0.05735762328585662,0.07495890152029182,0.0015138345061414728,0.0025484759525143215,0.07714511171495918,-0.019910233823710804,0.11949124548799306,0.0198541152034849,0.07404496073494253,0.0860037457850964,0.062461491199167184,0.07220975007620105,0.04617586514436108,0.11041878867550131,-0.012678959660959388,0.042387591524843914,0.023591756305388085,0.018399250273326045,0.10212098925452455,0.07063885445323392
961,0.1208596340238244,0.08342822723568873,-0.016446510132292147,-0.02378887775983037,0.07423467308767523,0.06038112001805581,-0.00081808196959815,0.13640810677305118,0.023725270721286294,0.08184443893281342,0.10691474005769182,-0.0032985060571007665,-0.03106993652183228,0.07813705070065209,0.002812119402208343,0.032184204949409156,0.07144980636856889,-0.03687955993679407,0.07865695813942682,-0.03090365706748775,0.028289304278245535,0.006485485436026413,-0.10215377108415415,0.0517692029775206,0.10239037721647641,0.1138110735775326
962,0.03714827401640234,0.05593387216543948,0.11051069555691151,0.18353301222888738,0.07587210586566795,-0.01625798998962156,0.13805126213019245,0.020543403928255616,0.08505627900595562,0.0891382723150792,0.03578304949831732,-0.009804319884925842,0.07188182796113707,0.04969908619547275,0.044745933861966125,0.036758012561565835,-0.030732229766065544,-0.08369049865741912,0.05991919953734652,-0.004601365244624771,0.02388761822002039,0.09091847368176138,0.10732959763385093,0.038696525180340516,0.007770514250120042,0.08122134916589997
963,0.049915392725027506,0.047377716120197956,0.09552394087114463,0.015487072027823456,0.03528474667231973,-0.05549484194794515,-0.06337475666096054,0.0025781257244011924,0.015452097122094647,0.03310256706320428,-0.003518276992925599,-0.020737577305629678,0.03903422818312232,0.01797759599026701,0.028451292831290297,0.0849706935318314,-0.023737525009461986,0.10241055788487409,0.11691032278247115,0.0743254031605947,0.09156340415528295,-0.02641675100292244,-0.007176053485574152,0.06230688677798507,0.08568787660484956,0.0010328713173730995
964,0.011235478550563874,0.02229448574074015,0.03222258568582983,0.026842353313036194,-0.05410855110982271,0.011283426359451731,-0.15322980387158555,0.06765070261484767,0.07752157467815975,-0.003873802379560439,0.07175169960389925,0.009677743612044876,0.05762651541363591,0.002888051393503196,0.017767261817124437,-0.0012779133991993232,0.03136504017357992,-0.012469474759195631,0.11280152734036736,0.15191151571087677,0.10431935391594133,0.123028931669039,-0.05445899014144445,0.06156449755530191,0.017246647824160577,0.11508161665598993
965,0.06549984306849704,0.13427825072560176,0.04405358735003494,0.028236101083143467,0.1319191915898317,0.0911355930169453,-0.028099187824536707,0.014736713820679054,0.08077675361393881,0.13643140595439857,0.07702604971767589,0.06338681576504442,0.0239894512124302,0.0650741181491224,-0.03166468263625213,0.11188254262916349,0.08068046984211773,0.08984713426813407,-0.006120732771322876,0.09147785286323791,0.02188825153307198,0.07445015903143011,0.006811719724550043,0.02246112105261977,-0.03336154377318858,-0.03549925343818957
966,0.053604869309230585,0.03831184668902884,0.02185083057420737,0.047989758654966616,-0.026265295658948046,0.007281018840499809,-0.0727533899661252,0.03268332941207375,0.04977703320824486,0.10972665710143314,0.045188407746763616,0.013637058114101337,-0.00998653284695063,0.037144393818105324,0.08406356280471093,0.10260356709437556,0.030471462554166644,0.04769475864185768,0.0404263591254902,0.07864090103948018,0.0867734756026237,0.07948261469652972,0.03822108519503575,-0.023210500525605138,-0.021150258605706813,0.017068257987986186
967,0.06835508511289508,0.09469226139499891,-0.008171399740792451,0.028725741731163323,-0.023054123782636233,0.019121872114486127,0.06387231731184434,0.14167095865522863,-0.007567628449200485,0.1360302741553974,0.04851628071481284,0.14744813375150714,0.11035545129008939,0.037796742405058925,0.07121514516181308,0.09465708963420194,0.08175238991450064,0.13509440384013147,0.06525603778628335,-0.045934145342334955,-0.03418125659449447,0.1543095277061027,0.06599645398673591,0.053863677503961815,-0.06578935466675699,0.027291186397200372
968,-0.016027979103247086,-0.03627005871942768,0.04905240818390244,-0.04681278487616989,0.06511802860285483,0.0305220223722907,0.04847796130479123,0.1320695483235311,0.056743273594040244,0.09977931179832415,0.03804015960732402,0.07189132073474053,0.008437247362766926,0.036985133112122405,0.040259703465549836,0.051270652287128037,-0.04791056723494236,0.028802585441600657,0.05531328842806939,0.06287772604807433,0.11217469247151386,0.08945922575032823,0.015228301552554502,0.06497694610991893,-0.040716234927721806,0.12363444137139783
969,0.08913604506521244,0.00716234385003911,0.026205123360338423,-0.07606502022783394,-0.05741715358692765,-0.016213716406011176,-0.03874654461317106,0.0848855341665385,-0.005667405634549039,0.038451709340353135,0.06980423957211312,0.022354222847660126,0.03875696895396243,0.10256060450870463,0.000891509511741051,0.028084736739260523,0.1589977277348916,0.1184127334747445,0.07493133696832273,0.0999582982084795,0.03460867741066113,0.037279964117875486,-0.038252135349663284,0.030766301623386873,0.018748966455521043,0.022819507806620842
970,0.1426998906186995,-0.026177620913631554,0.04570543621841794,-0.018704881947822494,0.02927375275673346,0.04470798923987144,-0.011066783371103173,0.06307012419798418,-0.003044094846028615,0.10307877367745853,-0.0189775976117695,0.11942850370060955,-0.11247211588618276,0.0690408646501094,0.1116069842750349,0.08826015960036193,0.11124455392496928,0.08499549838959342,0.08657810667978699,0.05364549082312394,0.059718633143440246,-0.08628118551223916,0.03284209905140741,0.05833721832368658,0.11502818063847238,0.05979097894687311
971,0.06516382559597216,0.08152663426818568,-0.13194924136347233,0.013117152488478093,0.028407918166965435,0.08961733112364406,0.028679217480380863,0.060725341658360285,0.07173372427342861,-0.0025825492247511703,0.01031975116697657,-0.04500461520373646,0.09003302600623801,0.003019237221725738,-0.004235827485986887,0.12087390025713374,0.04935834773617426,0.03524444009824677,0.13207858639720224,0.10184663612159417,0.002464101793404413,-0.07265337751070404,-0.015775743405880577,0.032758838222553065,0.05167455852260163,-0.00039560522135425246
972,0.0020423078879616887,0.05115348663303496,0.11215436761470216,0.06862005510144316,0.032552070888451,0.12569056200617207,0.10351120338950605,0.012658032107811948,0.03677129588051838,0.07697522071059835,0.046865440131276304,0.06899856475875281,0.08942903803617767,0.1326055075887838,0.00716017587055621,0.05601072873816193,0.011441432651091024,0.061211131602765756,0.0017003496931926412,0.11121906803772207,0.10839195070857051,0.0820218495225582,-0.02191529379106934,-0.009632676790265212,-0.06384251023840143,-0.12596202160129474
973,0.010802790586060429,0.09777187010757277,0.07400418328629342,0.03366811555020488,-0.014152423415063065,0.09600874671895564,0.053676764925316,-0.0024025707323220473,0.03577829867251028,0.12088661230321869,0.12444754913433397,0.08539231010032224,0.005849407793371064,0.12962523254456937,0.045428459764421836,0.055363420382031604,0.022387368999643477,-0.003692847477190786,0.019630931118076716,-0.047389262128130515,-0.022919932085550283,0.08298751448881592,0.026953504492363462,0.14490546885348846,0.08469521707940171,0.05144081018833232
974,0.024759056233667788,0.05829519055616178,-0.02457296812362697,-0.09757903629813595,0.10340307886272586,0.11686118929807397,-0.00012416024924856895,0.07613753688346377,0.07202623170798385,0.09734983487882931,0.03354117170644242,0.051511336249505636,0.09169752334863529,-0.0007578875592303599,0.06140994063631663,0.021057433130956982,0.07157630558117616,0.0389425130600952,0.12521672574875783,-0.017490019229027633,0.10357563954193649,-0.015914941996738558,-0.06089675790721797,0.07757404147397835,0.07402229407515311,0.12009137402341181
975,-0.024492548889697652,-0.00843384660208829,0.1091107264487592,0.010456153260595253,-0.0013513875902801033,-0.0015564053489576235,0.08146608211404671,0.13580962064984645,0.0492186214320216,0.07309828545225854,0.09467941920428417,0.059767110566991875,0.020756454576570677,0.044329102767825534,0.04838688878545703,0.06317479750422479,0.004125705741160113,0.05075331221896033,0.04282348623046186,0.03450270287885919,-0.020102094313725394,-0.04117219875798352,0.05649151330466192,-0.09164993170886711,-0.08908518080624661,0.0940289845030759
976,0.015051680999523994,0.0878132041497874,0.12614117828427798,0.030467980099881647,-0.0597459064272575,0.05894507369477222,0.09957167743317841,0.055436185373819,0.05776964546961805,0.07640526603924486,0.050786702209078216,-0.034069588415754824,0.04168445668980599,0.03524954217306897,0.026682937487933395,-0.0011461426953682428,0.05205011690671483,0.08306323119687879,0.00037290319000005123,0.07403922915414114,-0.01888826822044335,-0.061742342372005356,0.09740925353221774,0.14850139868733125,-0.056961672204621394,0.06697931339228973
977,0.036671769209829695,-0.01539776969926232,0.0048885203097635554,0.07238391226470693,0.04790770658279727,0.11703396456820825,0.06977372481271833,0.04645479256780877,-0.06039629918586287,0.11364536672695423,0.020838885879375435,0.06106752085162296,0.08099349931096989,-0.023408107726431225,0.07146595682805094,0.006336330610802946,-0.08299675384117196,0.11109298801886368,0.059195113302880985,0.01798303163564467,0.03183857950309369,0.06952432450106366,0.09524802306906799,0.02835301729556019,0.07760852314670046,0.09624560332664056
978,0.06547125787022719,0.04822599312753743,0.03296473476813444,0.04276799059659344,0.17270386201474167,0.04768824077519392,0.06405820837728861,-0.06048638480921733,0.06869722107360436,0.06245711569178525,0.08174815067665557,0.002975189748887423,0.016946345113809026,0.004148006191202998,0.034927767790413414,0.09174726889903724,-0.05054825028107287,0.02726221002285887,0.02469907628244396,0.08198160797659705,0.05146003202996968,0.12309831318496896,-0.04746313808400865,0.12247485232571938,0.025724204448210164,0.026949117387773724
979,0.09886275227637942,-0.028230538465075356,0.04419911801820673,-0.04194692847756013,0.02594195563054521,0.051719589931606524,0.12026690980361966,0.028952690660553355,0.11978711983892804,0.05034086740821483,0.14384588374884003,0.08415809890642682,-0.018472173685827376,0.005642600210542563,0.08175120283894209,0.05986563152886989,0.026940634789004953,0.07769864395897348,0.12564086337045005,0.14645665907781638,0.07206822521445407,0.08518108485800041,-0.031738494474934244,0.06459786025046733,0.009635970367841196,0.08410905297075984
980,0.0569945556913826,0.10046697893719088,0.016085803795857723,0.06967617554335075,-0.012846597844627716,0.01496931193763551,-0.007699477033283109,0.09094708690788256,0.05194866516134389,0.035595274473243066,-0.022218955398218092,-0.022259074524031974,0.0005912630506933097,0.08366182658810939,-0.0058491994289813585,0.10224079423571968,0.0900991411387342,0.07576528870159166,0.10046718409135642,0.10744228557570301,-0.016973590618043467,-0.0022184784796577643,-0.052317178800907006,0.06339469013453546,0.006718275240516491,0.007345522380776126
981,0.014930267245185425,0.02778866801112116,0.16463568147231383,-0.10649630516434842,0.05240859364223847,-0.0711842845522233,0.048856614883482086,0.002008529446797469,0.08500071813520892,0.07758269242233858,0.04896193051596213,0.10094562333143282,-0.011615505872204316,-0.08721222335205002,0.05039777516513453,0.0943427946174105,0.025471747100423547,0.13504054757317804,0.08973583210035747,0.1165582971941267,0.06469806752842212,-0.0022892335553610175,0.08653257874289814,-0.017486162933741594,-0.0011056270946320779,0.11089263014795264
982,0.13393351156808697,-0.004777922141103064,0.061872701364935515,0.027762987823422736,0.054735122647880885,0.08887924207134727,0.054321340794395025,0.12096705400794094,0.08742689371072591,0.08079656211534036,0.024439482689508647,0.0724106755406585,-0.006432149273906433,-0.021103531071405612,0.07771907436509129,0.0455702163643644,0.000464867011350271,0.08381084596053812,0.02734527037993959,0.06814463769081198,0.11512518363952029,0.024844499309945554,-0.0514141775257666,0.04066388485900032,0.04560077754631655,-0.008102304284159218
983,0.11955142862033312,0.1251019551375756,0.06034782464458528,-0.0278106937908299,0.03991498338882752,-0.11215928347198938,0.06838966697997377,0.09950187683777734,-0.0041436033701465575,0.007154746462375775,-0.05788659269905035,0.031956057840466345,0.006237800253098613,-0.05198698829745452,0.02500577755222692,0.054614119212266776,0.02407812506175211,0.0012895619637841769,0.057827229851639274,0.10716365613217306,0.06502608035162995,0.022347246247820845,0.022624697115365484,-0.08891898246315903,0.01756679341283581,-0.010541054789501661
984,0.07235090550723278,0.04301274076647775,0.10500563400522157,0.023208472116366858,-0.009481847090386353,0.08852435493433956,-0.03506842816616655,0.049589881220499676,0.005612134080660747,-0.02676126907161804,0.05235257032038382,0.04704360221131413,-0.029042189496198228,-0.08421319138061983,0.12972217683770312,0.16482012518163644,0.04076317879877678,0.07855233764827359,0.09910162802279558,0.04263469037098366,0.09505868040209799,0.010542822380703623,0.0006521219671070666,0.0548657888443147,-0.024696253135199076,0.021450697416621995
985,0.03964503782415674,0.07453352257874972,-0.06702785563467158,0.032171706393767166,0.028026639640560846,0.018491417903852447,-0.008754931625868656,0.1476901638100576,0.09517942262122527,0.030609764300016683,0.08274870697549287,-0.1363210267629652,0.03464085182033272,0.04407718996971285,0.040212406215305606,0.0731205935190022,0.01964615507878731,0.11290528533342607,0.052940711313098764,0.05269958353230512,0.13464940524459026,-0.018066996745615183,-0.027067188267436353,0.08338723794811288,-0.03574191722143941,0.027758668316845425
986,0.027962777035574777,0.05694855245132474,0.13475460748539086,-0.008494628346749985,-0.06173221198681833,0.008780800186632891,0.08661336963422324,0.06886215277312559,0.15613065865582174,0.06736826963262592,-0.01788728038727185,0.007463825988675362,0.07980839089138542,0.08871410689715126,0.026652589176781243,0.013434332897033977,-0.052366554974682435,0.10456523113160172,0.07249783260503051,0.06816906577373526,0.12706924990442983,-0.06172420199376092,-0.011846889663715943,-0.09667863883383798,0.02648693674127428,0.01707179748849506
987,0.0024879250462490985,0.1204984524213628,0.05869291575012214,0.0289018563473033,0.059067655649516916,0.1111550978475188,-0.049152906436311906,0.05014321536707487,0.08509284446616629,0.015884002456276598,0.023104702305524194,-0.05189470573104993,0.11755396417711474,0.16930947532099694,0.028174924425240756,0.08793253593454564,0.11229319517039545,-0.04527747760829437,-0.020604208455891632,0.058914278464726924,0.021893381560042113,0.021365538891756707,0.08027941280690377,0.061618482249672014,0.003987445382735673,-0.020939772403567515
988,0.04898624561094628,0.09432050304171075,0.06485386812630285,-0.016308630309667095,0.03953088064353394,0.013751953045090099,0.031951832621576505,0.16306479095997348,0.12171419186233651,0.05615765461492125,0.0464355519167563,0.05177396449345628,0.010614495208367344,0.012340228688102195,-0.024536054360705568,0.16453050455139798,-0.004615586523753545,0.10767294981369131,0.01482785831255142,0.12728248698306707,0.01673794489691468,0.18578380570494465,-0.043763985012715036,0.03422949423576684,0.04041976718748933,0.08501356393165001
989,-0.0013768110558241373,0.08431272491016802,0.06189558267820252,0.014624644121599934,0.06040889088003817,0.0847178880137515,0.019431424805858633,0.0809906730889652,-0.024717136358396802,0.012306184197524514,0.07201330993075278,0.0249051023800476,-0.0036991896920332374,-0.0016131566227859566,0.08806732132795038,-0.0031302327054886225,-0.12676079234066728,0.026714013547594284,0.04904163063902828,0.036866768005381,0.12597079357666213,-0.03633244959619738,-0.055465284186409634,-0.009356957356572548,-0.038114874661249375,0.024280193274226924
990,0.09175421899990151,0.046553535621695744,0.005700496104187158,-0.04160031999330138,0.002812857834147716,0.016432174155741646,0.15223039597180732,-0.011893384961277231,0.13291940427063687,0.016161702911067555,0.03543414327190978,0.08053424691370493,0.08705739395093309,-0.08836263556073572,0.08122361671812166,0.08612315240969722,0.0859820500454026,0.030379838238515235,0.04167942641056325,-0.06581587827103652,0.031170434796525447,0.08298965569725363,0.02810020714420462,-0.04127672576439038,0.01756048673686424,-0.059920788184791705
991,0.01671128080656568,-0.01619763945618576,0.1250658010719458,0.04363285864442377,0.04191025323305503,0.0657012559426597,0.13233650073389422,-0.018343959803530725,-0.008590688754414821,-0.009939590382786762,0.05890198403051115,-0.014325597214608465,0.026350319385208137,0.0736120968309291,0.1092177825454877,0.17520132397735733,0.03948217319428108,0.04178910450099329,0.08039617783773667,0.08006131448998134,0.05533166529022678,-0.025485287954590447,0.020056408935244296,0.07427438435541046,0.022588164620256052,-0.036109784340463046
992,0.06796571544019425,0.028917948648498133,0.022553914163778166,-0.013263135674198234,0.12373229712567634,0.08826130360549082,0.0620237351196262,0.02277748921320512,-0.004434262323997591,0.05929405040844008,0.03382710805790086,-0.03351352613795442,0.015252633314429054,0.07894445838016038,-0.0062352909815204804,-0.012703983911942237,0.07772456786749588,0.03922471006121495,-0.007264253762961396,0.18028880151389146,0.05724091579216103,0.022626680859239356,-0.010828926224860314,-0.023468203376708147,-0.03629497564299274,0.08550928203886632
993,0.01420750851138384,0.0772219142606232,0.09226563359116147,-0.04703400486620387,-0.0279244087264936,0.03954194233069543,0.014778870672122987,-0.021864183439662177,-0.09219157688858665,-0.005397180144061561,0.09431131277677197,-0.041967355118890125,-0.013946585250555716,-0.004621734221116299,0.02312894592053083,0.10481969423948256,0.08696853393683705,0.10892067073497481,0.020181675051109203,0.0933552083195876,0.13057027151946937,0.0917662133216826,0.01389086512991707,0.10523143691444066,-0.09148459779501415,0.07131286190116289
994,0.02807559346166446,0.062849407616557,0.09903679659827502,-0.06570679635146448,0.07429535898766682,0.10521761631489358,0.175139785749445,0.08794344554278825,0.023581800489025456,0.04116391891563655,0.09343130539522375,-0.10839715136707846,0.03813914686326444,0.10665456293299592,0.1176150181488818,0.07159368698439929,0.04577601653751432,0.09308260928791867,0.13984432205103328,0.18492093956391423,0.07454348271222651,0.09137677670845949,-0.016492189837761257,-0.055152213868805124,0.032844132372577384,0.026102191961890824
995,0.02602603202822466,-0.03436365125663765,0.01875829117812161,-0.044407251474527086,0.1186716270719807,-0.035584630637357305,0.027858487815512777,0.01482635861034326,-0.034853367388324376,-0.008174213478986688,0.08948649442711354,0.07160917055333847,0.05573368411304347,0.02677721139942485,0.05280426768162313,0.010432419194889742,0.03072785543107115,0.11123803088272693,0.10347375508420846,0.06810234774676906,-0.0699699774271232,0.045662450474092564,0.010299105199783073,0.013961571050265334,-0.04846366617773473,0.0503231619765836
996,0.02247820511239564,0.007210447770239195,-0.00439152313736163,0.07909070198530073,0.029700584387354456,-0.010671551460355663,-0.004184834456880153,-0.0025673823707985655,0.13876786026462226,0.026700906077955295,0.028080953765794465,0.01953440942633322,-0.042783180598673,0.016893411414969955,0.014924664553410164,0.08886809428952303,0.049892936209555705,0.03815660775110228,0.014357905269749949,0.027138326528915513,0.0884865248193818,0.09592833446231669,0.04506137540639508,0.03217179690356886,0.08487972847845737,-0.024257437170017902
997,0.078396403373467,-0.04120125880683841,0.01652007404369434,-0.027721077636432445,0.041234454833973956,-0.026156719838049014,0.12259823326741681,0.02229726250939677,0.11487585002536742,0.08269636063509746,0.0027419254139719462,-0.06328558843036321,0.1144077616543649,0.09404433783327056,0.0831576251730612,0.0305218862222556,0.13250370668184416,0.016964643523792122,0.08166646503903598,0.11381333643802315,0.011552481519681801,0.040233333734390496,0.010546833820559895,-0.012164174940531625,0.04117474049976864,-0.08789993681746722
998,0.048279979101075975,0.014890272310330447,0.035675611192616696,-0.05341575347333042,0.0605048505945038,0.017723155257866125,-0.04833401309046653,-0.06275091905592066,0.04277136463943102,0.02524436118655441,0.013209655145940451,0.03327168642528796,0.11435463895456754,0.06815979232506637,0.03967339003393966,0.12143743780198689,0.02720333805740362,0.048781800059126024,0.0434639787973643,-0.032986484967727235,-0.009514827071271714,0.05464453548435964,-0.07367819348133793,0.10036536339372404,-0.08910733883063264,0.03531279088462921
999,0.0780015143050868,0.042328545049573583,6.241395134117499e-05,0.09277845971356835,-0.05726617304598969,0.05927151657344696,-0.05137017461221847,0.006869859598069442,0.044763605125774486,-0.009849381370589883,0.09071307308463798,-0.0014414774442843559,0.030425981244294447,0.011756838462536926,0.027864975344504404,0.10228996501929788,-0.06835697496059334,0.004804180275299941,0.07784439229934682,0.05353972207470342,0.13596751090600132,-0.08121759391948707,-0.00921157962562974,0.022910731285375907,0.05039101776818004,0.03282308998609229
